1000
99977
99710
99671
99648
99581
99453
99443
99405
99205
99092
99059
99047
98976
98905
98852
98791
98770
98752
98693
98646
98582
98467
98386
98328
98201
97918
97852
97690
97525
97519
97418
97397
97236
97226
96888
96882
96854
96605
96205
96113
96020
95874
95775
95479
95364
95283
95280
95260
95220
95189
95108
95042
95018
94827
94813
94766
94683
94643
94419
94329
94211
94209
94168
94051
93933
93932
93830
93702
93674
93558
93495
93301
93106
93037
93018
92739
92559
92453
92367
92089
92085
92004
91817
91772
91534
91519
91475
91380
91307
91223
91134
91095
91059
91019
91008
90913
90909
90642
90555
90442
90416
90377
90341
90221
90116
89855
89848
89804
89655
89408
89382
89367
89358
89281
89272
89156
88990
88847
88682
88656
88589
88574
88492
88407
88404
88366
88125
88010
87969
87872
87704
87475
87288
87228
87176
87135
86922
86874
86808
86731
86494
86412
86327
86254
86153
86064
85967
85443
85146
85085
84863
84595
84493
84393
84357
84284
83881
83830
83776
83742
83592
83554
83476
83399
83224
83192
82784
82778
82755
82695
82574
82335
82335
82266
82264
82132
82105
82018
81571
81488
81318
81184
80913
80902
80697
80350
80348
80344
80097
79933
79836
79771
79477
79293
79239
79200
79088
78971
78811
78764
78755
78692
78629
78614
78585
78561
78388
78265
78193
78143
78134
78044
78035
77962
77901
77860
77711
77626
77367
77252
77174
77013
76929
76857
76823
76535
76486
76380
76347
76346
76302
76198
75902
75868
75853
75775
75700
75581
75538
75485
75328
75321
75285
75197
75180
75079
75055
75032
74964
74733
74722
74662
74637
74592
74522
74506
74372
74304
74203
74087
74065
73608
73576
73501
73487
73282
73067
72973
72913
72861
72630
72619
72403
72353
72331
72310
72306
72262
72259
72221
72090
72054
72008
71852
71720
71520
71460
71353
71292
71254
71173
71132
71100
70959
70894
70632
70461
70446
70433
70307
70245
70237
70032
70008
69929
69892
69560
69062
68741
68537
68483
68378
68361
68190
68173
67938
67904
67866
67797
67675
67622
67555
67535
67460
67414
67271
67217
67101
67033
66999
66842
66677
66632
66610
66600
66584
66562
66557
66544
66488
66266
66263
65712
65668
65568
65349
65138
65129
65084
65075
64979
64977
64891
64845
64843
64768
64272
64136
64077
64013
63787
63605
63594
63485
63480
63437
63270
63138
62955
62762
62710
62468
62298
62266
61887
61749
61747
61687
61447
61420
61176
61062
61029
60998
60768
60713
60606
60495
60411
60400
60376
60316
60201
60041
60009
59752
59723
59618
59487
59388
59292
59250
59104
59068
59040
58891
58786
58707
58557
58523
58302
58292
58283
58182
58154
58123
58116
58053
58036
58025
57704
57657
57638
57631
57619
57619
57582
57265
57219
57096
57094
57071
57059
56911
56599
56567
56411
56401
56399
56255
56231
56116
56019
55925
55659
55648
55638
55529
55469
55407
55352
55243
55232
55179
55099
55057
54635
54563
54554
54449
54361
54306
54202
54089
53927
53864
53626
53554
53401
53392
53378
53107
53058
52967
52961
52854
52708
52601
52437
52309
52207
52167
52152
52112
51878
51733
51644
51575
51522
51458
51437
51412
51390
51325
51196
51113
50944
50939
50906
50772
50389
50091
49956
49878
49807
49746
49578
49469
49457
49421
49279
49190
49178
49143
49055
48983
48798
48657
48617
48509
48292
48256
48227
48115
48012
47952
47736
47319
47193
47093
47000
46822
46758
46664
46423
46374
46353
46331
46277
46024
46005
45987
45608
45541
45455
45369
45231
45103
45066
44871
44792
44765
44673
44614
44598
44537
44520
44446
44375
44303
44223
44163
43954
43866
43808
43653
43607
43420
43292
43292
43153
43153
43067
43044
43009
42620
42574
42574
42458
42446
42364
42165
42066
41735
41648
41598
41547
41460
41434
41059
41036
40976
40455
40390
40380
40345
40315
40234
40219
40208
40163
40139
40032
39912
39814
39725
39679
39580
39568
39279
39254
39180
38790
38635
38603
38589
38583
38442
38401
38263
38104
37863
37760
37678
37490
37397
37388
37309
37153
36981
36925
36838
36635
36627
36552
36552
36143
35698
35652
35484
35374
35212
35152
35119
35043
34977
34625
34538
34483
34311
34247
34046
34000
33936
33778
33750
33723
33634
33540
33472
33382
33287
33259
33168
32921
32853
32787
32408
32407
32406
32267
32224
32215
32194
32190
32065
31898
31731
31639
31620
31430
31298
31228
30855
30814
30734
30719
30579
30500
30297
30186
30101
30075
29997
29838
29817
29817
29812
29670
29638
29586
29410
29315
29270
29256
29131
28981
28965
28934
28863
28747
28601
28493
28381
28344
28339
28318
28306
28299
28171
28168
28144
28136
28105
27935
27862
27680
27623
27536
27302
27170
26974
26807
26801
26798
26644
26464
26385
26330
26327
26311
25898
25475
25434
25238
25148
24766
24668
24597
24557
24379
24358
24291
24273
24146
23939
23546
23514
23499
23443
23332
23323
23273
23118
22976
22932
22795
22785
22517
22090
22003
21820
21592
21560
21450
21417
21345
21107
21063
20935
20895
20891
20883
20812
20706
20581
20471
20393
20384
20283
20277
20230
20188
19958
19953
19914
19787
19598
19515
19417
19337
19305
19300
18998
18943
18814
18813
18811
18598
18579
18186
18170
18165
18081
18046
18007
17703
17657
17638
17634
17485
17463
17419
17270
17117
17103
17075
17056
16868
16658
16575
16533
16524
16465
16408
16353
16325
16223
16210
16201
16070
16057
15968
15636
15547
15417
15296
15025
15019
14982
14843
14781
14562
14220
14138
13980
13945
13906
13885
13781
13731
13644
13513
13457
13420
13388
13060
13033
12823
12797
12770
12621
12534
12316
12262
12211
11513
11351
11163
11069
10975
10878
10825
10580
10545
10374
10291
10165
9887
9654
9572
9550
9391
9336
9334
9261
9256
9216
9155
9138
8855
8772
8620
8600
8469
8445
8422
8265
8209
8186
8060
7889
7504
7414
7255
7233
7213
7199
7090
7072
6947
6799
6787
6741
6587
6547
6428
6357
6330
6196
6152
6034
6030
6002
5964
5554
5495
5440
5367
5263
5151
5051
4991
4968
4798
4797
4676
4493
4471
4085
3905
3814
3709
3691
3636
3576
3560
3539
3498
3388
3260
3109
3108
3101
3003
2440
2367
2312
2297
2279
2120
1983
1967
1899
1829
1691
1648
1641
1636
1519
1517
1436
1393
1149
1144
1138
1041
1013
874
824
795
737
718
615
517
398
373
333
292
235
