100
98206
97991
97298
96390
95397
94900
94844
94408
93463
89557
88642
87079
86691
86284
86090
85920
85421
84326
84233
83943
83222
82714
82501
81999
81452
81327
81303
79760
76399
76390
75987
75642
72585
71079
71015
70657
68148
68112
68089
67950
67803
65335
64943
64568
64156
62833
62367
60825
57752
56778
56376
55661
53875
53133
50316
49900
49077
48879
48282
46359
45532
45089
41470
39787
38525
38429
37455
37332
36694
36176
35181
34635
34398
33881
32882
30656
30183
28357
27498
27296
26553
25858
25513
25287
23917
22728
22236
21719
19943
16496
13525
12777
12727
8547
7562
5729
2618
2321
2008
1860
