10000
99996
99964
99952
99939
99934
99931
99924
99922
99921
99904
99900
99900
99900
99888
99873
99849
99845
99808
99805
99776
99770
99757
99756
99748
99744
99743
99736
99731
99706
99695
99692
99692
99661
99639
99638
99621
99620
99620
99611
99606
99600
99591
99564
99539
99538
99521
99520
99495
99479
99440
99430
99429
99418
99392
99391
99362
99361
99359
99349
99346
99342
99328
99320
99312
99306
99304
99298
99294
99254
99252
99244
99231
99227
99217
99216
99184
99172
99172
99161
99145
99143
99134
99128
99113
99110
99108
99106
99097
99096
99096
99091
99089
99042
99028
99012
98991
98974
98968
98961
98951
98944
98936
98907
98891
98888
98887
98880
98879
98873
98855
98844
98841
98828
98818
98809
98795
98793
98792
98791
98790
98773
98771
98762
98761
98752
98751
98747
98738
98728
98714
98713
98706
98696
98696
98692
98688
98682
98681
98672
98671
98661
98653
98636
98613
98605
98605
98602
98567
98532
98496
98481
98480
98465
98460
98452
98444
98442
98425
98408
98400
98379
98369
98360
98359
98357
98340
98315
98308
98302
98289
98283
98278
98247
98217
98216
98200
98198
98180
98179
98179
98177
98175
98162
98159
98141
98141
98139
98139
98139
98137
98131
98129
98119
98100
98075
98075
98064
98054
98054
98053
98050
98029
98024
98023
98022
98020
98010
98003
97975
97972
97966
97948
97915
97910
97906
97905
97895
97891
97889
97864
97864
97836
97830
97822
97821
97815
97797
97789
97786
97782
97780
97778
97755
97752
97702
97694
97691
97684
97655
97649
97645
97627
97617
97615
97608
97605
97563
97556
97547
97542
97526
97516
97506
97488
97479
97479
97477
97458
97417
97411
97399
97399
97398
97382
97376
97364
97345
97339
97338
97326
97313
97306
97278
97271
97243
97238
97232
97230
97222
97221
97205
97187
97179
97179
97164
97156
97142
97140
97077
97057
97053
97051
97047
97033
97008
97008
96996
96977
96974
96963
96960
96932
96929
96913
96907
96903
96892
96887
96879
96875
96869
96835
96812
96809
96769
96765
96753
96752
96725
96709
96705
96694
96691
96689
96687
96669
96650
96647
96632
96631
96613
96610
96608
96583
96578
96566
96564
96541
96540
96538
96528
96509
96508
96500
96499
96489
96485
96465
96465
96464
96456
96441
96430
96417
96413
96411
96396
96387
96386
96374
96352
96345
96340
96308
96305
96299
96278
96271
96243
96229
96223
96219
96192
96185
96183
96180
96176
96169
96168
96162
96155
96147
96143
96113
96113
96106
96103
96093
96081
96066
96061
96049
96028
96027
95999
95997
95996
95980
95970
95968
95950
95943
95924
95918
95916
95903
95901
95900
95895
95891
95891
95890
95881
95874
95850
95839
95831
95829
95818
95818
95807
95804
95789
95787
95787
95786
95759
95740
95739
95722
95715
95685
95678
95674
95671
95663
95659
95631
95626
95608
95607
95605
95597
95593
95558
95555
95532
95519
95498
95486
95476
95473
95451
95419
95400
95399
95390
95388
95386
95380
95379
95376
95368
95367
95366
95361
95356
95351
95324
95306
95302
95286
95279
95276
95239
95228
95219
95213
95210
95202
95200
95192
95187
95179
95177
95171
95165
95164
95158
95112
95091
95071
95041
95038
95027
95022
95002
94973
94967
94966
94956
94952
94936
94935
94921
94897
94889
94877
94877
94862
94859
94844
94794
94787
94787
94779
94763
94763
94760
94757
94754
94724
94716
94714
94711
94706
94703
94691
94691
94688
94680
94664
94644
94637
94636
94621
94621
94611
94607
94605
94602
94597
94596
94581
94575
94568
94556
94532
94532
94530
94527
94526
94519
94509
94509
94504
94498
94496
94490
94485
94481
94466
94465
94445
94444
94418
94391
94374
94374
94352
94337
94333
94304
94301
94297
94295
94267
94257
94247
94232
94230
94206
94206
94196
94187
94181
94171
94153
94141
94136
94128
94117
94109
94093
94085
94082
94065
94060
94060
94056
94042
94038
94032
94023
94011
94009
93988
93987
93982
93982
93973
93972
93917
93913
93888
93876
93853
93839
93837
93807
93806
93799
93780
93753
93750
93741
93736
93733
93733
93731
93731
93722
93716
93715
93696
93685
93681
93680
93680
93674
93670
93659
93651
93635
93620
93600
93596
93584
93573
93572
93570
93558
93556
93510
93481
93481
93481
93442
93438
93436
93430
93418
93416
93416
93387
93383
93378
93363
93356
93339
93334
93314
93305
93299
93295
93288
93269
93267
93262
93250
93246
93227
93222
93221
93220
93218
93210
93198
93165
93163
93154
93147
93139
93122
93121
93120
93113
93107
93088
93083
93080
93070
93061
93057
93046
93041
93036
93030
93030
93020
92997
92997
92984
92982
92904
92897
92894
92860
92852
92843
92835
92831
92820
92811
92810
92804
92793
92790
92783
92781
92778
92763
92746
92743
92699
92668
92641
92622
92620
92592
92585
92562
92559
92556
92553
92549
92545
92544
92543
92537
92523
92521
92502
92495
92482
92455
92450
92439
92439
92434
92399
92390
92344
92340
92330
92307
92304
92277
92254
92248
92214
92181
92172
92158
92129
92113
92078
92076
92075
92071
92045
92036
92032
92026
92013
91936
91908
91899
91886
91883
91879
91873
91868
91866
91864
91857
91846
91846
91815
91815
91804
91801
91791
91788
91786
91786
91785
91779
91768
91762
91753
91748
91734
91727
91721
91708
91707
91701
91683
91675
91669
91657
91654
91647
91641
91623
91608
91607
91595
91586
91582
91573
91570
91564
91555
91529
91527
91513
91505
91493
91487
91479
91476
91453
91437
91433
91423
91420
91418
91415
91401
91398
91392
91377
91361
91348
91334
91331
91325
91314
91290
91283
91275
91265
91264
91260
91242
91235
91225
91216
91181
91179
91162
91153
91152
91146
91145
91140
91137
91136
91090
91079
91075
91070
91064
91058
91058
91043
91024
91007
90973
90963
90960
90958
90956
90947
90939
90934
90873
90871
90866
90858
90847
90837
90837
90836
90833
90832
90810
90803
90798
90769
90769
90763
90757
90737
90737
90726
90715
90709
90690
90675
90669
90656
90656
90655
90644
90630
90629
90595
90594
90571
90568
90562
90550
90548
90525
90492
90482
90452
90445
90441
90419
90386
90386
90383
90383
90369
90341
90335
90329
90325
90302
90299
90297
90286
90280
90279
90270
90261
90254
90230
90230
90226
90210
90188
90187
90183
90170
90135
90126
90114
90102
90100
90093
90087
90087
90082
90081
90067
90045
90038
90037
90029
90016
90002
89982
89980
89965
89945
89927
89925
89924
89906
89877
89871
89849
89849
89847
89847
89838
89835
89810
89808
89801
89790
89778
89777
89773
89772
89771
89758
89746
89744
89742
89735
89734
89721
89716
89705
89693
89687
89649
89648
89636
89619
89619
89615
89585
89574
89570
89563
89556
89551
89537
89522
89521
89519
89510
89506
89506
89500
89495
89490
89489
89482
89479
89476
89471
89461
89456
89444
89440
89438
89435
89424
89414
89410
89399
89397
89392
89383
89340
89328
89318
89315
89299
89278
89269
89259
89254
89250
89220
89213
89195
89194
89170
89165
89159
89153
89137
89127
89108
89094
89081
89080
89072
89059
89039
89038
89024
89021
89016
89001
88999
88988
88979
88976
88963
88962
88962
88938
88937
88936
88918
88902
88898
88879
88860
88847
88831
88816
88816
88816
88812
88808
88808
88792
88784
88772
88770
88763
88742
88722
88707
88705
88704
88704
88702
88694
88689
88674
88671
88655
88655
88645
88644
88640
88635
88630
88622
88600
88586
88584
88580
88577
88574
88556
88551
88540
88524
88469
88466
88459
88456
88449
88448
88424
88417
88414
88409
88403
88390
88388
88374
88372
88368
88367
88366
88349
88340
88317
88316
88313
88297
88291
88290
88284
88282
88280
88247
88241
88230
88220
88201
88189
88183
88167
88166
88163
88140
88117
88114
88113
88098
88096
88063
88053
88049
88031
88023
88020
88012
87994
87990
87979
87962
87953
87913
87892
87882
87882
87865
87850
87846
87845
87834
87830
87828
87826
87817
87816
87815
87814
87803
87799
87784
87777
87762
87754
87754
87750
87748
87728
87727
87720
87719
87717
87715
87700
87699
87665
87654
87645
87644
87638
87635
87635
87622
87614
87612
87603
87597
87588
87586
87581
87574
87569
87548
87532
87531
87530
87529
87528
87528
87527
87525
87523
87522
87496
87495
87488
87484
87480
87464
87459
87458
87457
87456
87453
87444
87441
87430
87421
87412
87404
87374
87374
87364
87363
87362
87352
87324
87321
87319
87298
87295
87287
87281
87277
87235
87235
87226
87225
87216
87203
87200
87162
87153
87150
87139
87130
87121
87119
87118
87108
87105
87096
87085
87079
87046
87042
87038
87031
87026
87017
87004
86996
86970
86967
86930
86929
86919
86890
86886
86847
86824
86809
86797
86793
86791
86788
86763
86746
86727
86718
86712
86708
86704
86698
86696
86694
86691
86686
86678
86675
86674
86644
86641
86638
86633
86617
86616
86614
86608
86603
86601
86588
86582
86578
86563
86563
86532
86481
86447
86441
86432
86425
86395
86363
86342
86337
86336
86329
86319
86304
86301
86282
86267
86263
86260
86255
86253
86246
86235
86233
86228
86203
86198
86198
86183
86178
86159
86159
86151
86141
86136
86115
86115
86102
86102
86089
86089
86073
86066
86059
86055
86052
86035
86028
85978
85972
85961
85960
85950
85947
85914
85897
85889
85882
85879
85861
85846
85836
85829
85805
85795
85766
85757
85753
85752
85749
85733
85715
85711
85689
85687
85671
85669
85652
85648
85647
85639
85638
85622
85621
85615
85614
85609
85599
85597
85589
85586
85581
85571
85571
85562
85558
85553
85540
85536
85534
85528
85511
85503
85503
85500
85492
85490
85483
85463
85457
85446
85443
85432
85432
85427
85427
85422
85395
85392
85364
85357
85355
85352
85350
85348
85346
85344
85344
85330
85318
85315
85308
85306
85287
85272
85269
85245
85243
85239
85229
85226
85199
85187
85139
85135
85125
85071
85067
85062
85060
85058
85052
85040
85026
84976
84974
84965
84940
84939
84937
84902
84874
84868
84857
84856
84848
84848
84847
84843
84841
84832
84825
84790
84788
84783
84779
84777
84760
84747
84746
84733
84732
84708
84687
84686
84678
84666
84627
84612
84601
84575
84567
84550
84549
84541
84526
84519
84516
84506
84487
84466
84466
84464
84461
84447
84402
84349
84344
84340
84320
84311
84293
84290
84289
84281
84265
84262
84252
84246
84238
84214
84200
84187
84156
84148
84147
84133
84119
84099
84079
84077
84059
84057
84042
84040
84039
84003
83982
83952
83949
83936
83935
83902
83901
83898
83866
83862
83852
83832
83825
83822
83808
83807
83787
83786
83780
83779
83777
83774
83774
83773
83769
83752
83751
83711
83702
83697
83690
83669
83668
83627
83626
83626
83611
83607
83572
83569
83567
83563
83562
83550
83537
83527
83518
83512
83507
83504
83499
83489
83477
83474
83438
83434
83422
83404
83394
83388
83385
83377
83371
83370
83368
83359
83345
83343
83336
83333
83325
83321
83317
83312
83301
83299
83254
83201
83194
83183
83173
83159
83137
83127
83096
83086
83083
83079
83048
83028
83014
83004
83002
83000
82996
82993
82993
82990
82986
82967
82959
82956
82944
82940
82938
82935
82919
82891
82882
82877
82875
82874
82855
82850
82833
82818
82808
82758
82746
82728
82708
82705
82705
82702
82694
82688
82685
82682
82659
82649
82636
82624
82603
82600
82571
82563
82562
82559
82556
82552
82542
82504
82493
82463
82458
82458
82443
82411
82404
82399
82391
82387
82354
82353
82348
82348
82340
82338
82333
82330
82329
82310
82295
82295
82294
82283
82280
82277
82276
82262
82261
82251
82206
82203
82200
82192
82158
82142
82112
82111
82100
82069
82040
82030
82006
82000
81998
81967
81960
81959
81958
81954
81950
81949
81933
81919
81906
81897
81894
81888
81874
81871
81853
81845
81838
81830
81823
81822
81798
81789
81770
81767
81762
81753
81751
81736
81736
81735
81724
81716
81710
81674
81660
81656
81654
81646
81638
81637
81632
81626
81625
81620
81620
81619
81617
81611
81610
81606
81587
81554
81534
81530
81527
81525
81522
81516
81514
81503
81501
81501
81499
81489
81486
81472
81472
81457
81450
81440
81440
81407
81403
81402
81399
81393
81351
81332
81309
81300
81294
81291
81288
81270
81256
81239
81236
81234
81197
81189
81187
81162
81156
81151
81146
81144
81129
81062
81058
81055
81049
81043
81033
81029
81023
81020
81014
80997
80990
80985
80977
80957
80942
80914
80889
80878
80864
80858
80851
80843
80829
80816
80813
80806
80786
80776
80774
80760
80758
80746
80741
80739
80738
80728
80724
80720
80707
80697
80696
80686
80685
80670
80661
80661
80653
80621
80617
80614
80609
80605
80595
80568
80567
80563
80558
80556
80549
80535
80525
80520
80517
80500
80473
80464
80453
80450
80450
80445
80427
80427
80423
80419
80414
80406
80390
80389
80377
80376
80373
80358
80339
80336
80330
80327
80310
80308
80295
80291
80287
80275
80261
80260
80251
80250
80240
80230
80228
80222
80219
80192
80190
80190
80185
80174
80151
80149
80135
80135
80134
80128
80123
80093
80073
80070
80068
80058
80053
80044
80043
80035
80035
80023
80023
79986
79977
79973
79947
79942
79936
79936
79926
79912
79895
79879
79869
79851
79851
79850
79835
79816
79810
79786
79772
79757
79756
79752
79751
79733
79706
79705
79702
79701
79701
79700
79699
79692
79692
79646
79644
79638
79621
79619
79617
79566
79555
79547
79537
79522
79515
79513
79504
79504
79475
79472
79439
79436
79431
79423
79421
79414
79413
79412
79411
79391
79355
79349
79330
79324
79320
79307
79288
79284
79266
79253
79216
79216
79180
79159
79154
79153
79132
79112
79112
79109
79105
79098
79094
79084
79078
79057
79049
79043
79039
79032
79029
79027
79026
79022
79012
79000
78999
78991
78987
78985
78964
78958
78953
78934
78930
78927
78914
78911
78898
78896
78886
78863
78859
78858
78858
78857
78842
78790
78777
78777
78775
78753
78748
78737
78695
78690
78665
78659
78654
78651
78651
78648
78635
78630
78626
78620
78591
78578
78569
78565
78562
78560
78555
78550
78543
78526
78504
78503
78496
78494
78491
78488
78481
78477
78464
78451
78436
78431
78396
78387
78377
78370
78368
78361
78350
78329
78320
78313
78309
78308
78303
78279
78270
78259
78198
78186
78176
78175
78169
78158
78130
78129
78129
78127
78107
78106
78087
78069
78062
78052
78046
78045
78039
78039
78020
78004
78002
77999
77999
77991
77985
77984
77981
77976
77976
77971
77959
77947
77932
77929
77926
77924
77908
77906
77901
77901
77901
77897
77887
77873
77818
77809
77807
77807
77801
77798
77780
77776
77761
77753
77743
77732
77697
77692
77683
77682
77680
77679
77663
77651
77651
77629
77619
77611
77609
77609
77604
77603
77592
77589
77587
77582
77578
77559
77553
77551
77497
77492
77475
77459
77448
77440
77433
77428
77417
77413
77413
77397
77396
77384
77356
77351
77336
77325
77323
77320
77313
77312
77305
77301
77296
77292
77270
77246
77234
77217
77207
77206
77203
77198
77192
77192
77187
77186
77186
77183
77138
77121
77110
77108
77101
77093
77088
77048
77036
77033
77029
77024
77010
76982
76971
76968
76940
76923
76913
76865
76859
76849
76845
76839
76836
76835
76833
76832
76810
76792
76787
76781
76777
76776
76762
76756
76749
76719
76706
76685
76669
76631
76625
76624
76620
76610
76604
76588
76588
76568
76567
76562
76559
76557
76555
76543
76541
76528
76495
76495
76487
76478
76472
76466
76448
76441
76397
76382
76381
76378
76376
76373
76367
76362
76360
76356
76350
76318
76303
76299
76271
76271
76234
76223
76209
76200
76191
76190
76188
76181
76178
76173
76167
76157
76152
76150
76146
76143
76141
76138
76111
76059
76046
76044
76038
76035
76030
75982
75977
75977
75965
75952
75949
75946
75942
75939
75930
75919
75912
75900
75899
75890
75878
75875
75870
75869
75863
75857
75851
75848
75846
75844
75844
75829
75822
75816
75812
75806
75799
75794
75783
75777
75764
75749
75746
75730
75726
75725
75712
75704
75699
75685
75684
75670
75647
75608
75565
75547
75535
75534
75528
75517
75507
75500
75496
75494
75489
75485
75477
75466
75448
75441
75413
75406
75403
75395
75391
75389
75385
75355
75331
75313
75305
75301
75298
75285
75282
75277
75276
75248
75240
75215
75206
75205
75200
75198
75197
75192
75189
75174
75172
75163
75156
75145
75130
75128
75124
75118
75093
75087
75071
75044
75020
75014
75005
74999
74986
74983
74966
74965
74952
74950
74940
74935
74931
74925
74922
74915
74895
74893
74869
74860
74860
74838
74745
74726
74723
74723
74718
74699
74692
74687
74685
74665
74659
74646
74635
74624
74620
74600
74599
74597
74593
74592
74592
74590
74541
74540
74540
74534
74530
74522
74516
74499
74491
74478
74475
74474
74462
74459
74456
74453
74450
74445
74437
74431
74417
74395
74389
74387
74378
74377
74357
74354
74348
74335
74332
74318
74317
74316
74314
74275
74270
74264
74260
74259
74242
74217
74214
74195
74165
74156
74130
74126
74111
74110
74109
74097
74088
74081
74076
74069
74057
74028
74014
74010
74001
73997
73995
73979
73973
73952
73942
73934
73921
73908
73901
73885
73855
73855
73839
73833
73827
73819
73815
73812
73803
73775
73764
73760
73709
73706
73663
73663
73653
73649
73629
73619
73616
73611
73587
73557
73546
73544
73505
73500
73496
73496
73490
73486
73475
73464
73446
73443
73437
73431
73412
73386
73374
73371
73366
73364
73364
73351
73343
73343
73332
73324
73317
73317
73311
73302
73289
73283
73282
73281
73268
73266
73264
73261
73258
73257
73231
73228
73227
73226
73222
73206
73195
73188
73184
73163
73151
73151
73150
73150
73140
73125
73109
73107
73094
73089
73073
73037
73029
73021
73014
73008
72972
72970
72968
72960
72959
72957
72954
72954
72948
72906
72882
72869
72861
72842
72814
72808
72800
72798
72787
72775
72770
72763
72762
72746
72744
72737
72720
72714
72712
72679
72662
72660
72658
72651
72637
72625
72616
72607
72602
72594
72591
72573
72558
72555
72554
72552
72542
72535
72524
72520
72499
72495
72493
72470
72470
72455
72442
72440
72436
72431
72406
72388
72384
72382
72377
72354
72348
72339
72331
72325
72318
72313
72305
72302
72279
72275
72270
72268
72248
72247
72234
72233
72218
72215
72190
72167
72165
72146
72138
72124
72112
72088
72076
72074
72068
72066
72054
72047
72041
72035
72026
72017
71998
71998
71997
71964
71960
71956
71954
71950
71949
71933
71933
71930
71928
71916
71903
71889
71885
71881
71875
71852
71828
71806
71776
71769
71761
71758
71755
71735
71730
71730
71729
71728
71723
71714
71692
71689
71683
71675
71660
71651
71637
71634
71633
71619
71605
71591
71571
71567
71553
71553
71547
71544
71540
71510
71502
71497
71496
71493
71484
71437
71414
71412
71400
71384
71377
71355
71354
71339
71337
71336
71335
71311
71303
71300
71279
71278
71273
71258
71258
71242
71237
71229
71199
71196
71184
71173
71149
71140
71121
71102
71074
71070
71069
71044
71020
71019
71010
70996
70991
70968
70951
70944
70939
70938
70934
70930
70929
70914
70908
70896
70895
70888
70882
70870
70867
70856
70851
70847
70806
70800
70800
70799
70787
70785
70781
70779
70777
70768
70763
70762
70762
70759
70745
70744
70716
70709
70707
70692
70692
70688
70683
70682
70646
70628
70622
70616
70609
70580
70572
70572
70556
70552
70526
70526
70487
70468
70463
70456
70436
70434
70423
70415
70401
70397
70390
70376
70373
70373
70332
70327
70323
70303
70302
70284
70252
70229
70220
70215
70205
70203
70198
70196
70188
70181
70181
70180
70180
70172
70161
70152
70147
70146
70144
70121
70120
70114
70114
70093
70084
70068
70058
70046
70026
70024
70023
69993
69990
69989
69982
69977
69954
69952
69952
69945
69907
69899
69857
69813
69811
69779
69769
69769
69760
69741
69707
69704
69700
69695
69691
69678
69662
69655
69639
69627
69593
69586
69585
69583
69581
69551
69550
69546
69507
69507
69494
69491
69488
69472
69462
69454
69449
69442
69438
69436
69429
69414
69388
69370
69361
69353
69351
69339
69333
69326
69313
69292
69284
69282
69276
69268
69261
69238
69237
69225
69218
69203
69198
69197
69196
69188
69173
69127
69098
69085
69079
69074
69063
69053
69052
69051
69043
69039
69037
69031
69023
69017
69016
68995
68989
68977
68977
68971
68950
68949
68938
68933
68917
68906
68826
68811
68807
68800
68776
68758
68752
68746
68736
68730
68710
68696
68694
68680
68677
68666
68652
68648
68643
68621
68611
68601
68600
68597
68586
68576
68562
68561
68561
68559
68549
68546
68546
68545
68545
68530
68509
68503
68476
68470
68468
68466
68447
68441
68439
68437
68420
68405
68400
68388
68381
68373
68367
68356
68355
68334
68328
68328
68310
68266
68263
68258
68253
68229
68228
68228
68196
68186
68180
68174
68154
68148
68140
68131
68129
68124
68098
68078
68062
68061
68034
68027
68010
68001
67971
67957
67956
67936
67930
67927
67925
67924
67897
67890
67883
67883
67860
67855
67853
67832
67828
67772
67762
67743
67739
67738
67737
67735
67711
67698
67667
67656
67642
67640
67622
67603
67567
67566
67553
67547
67545
67522
67488
67487
67478
67476
67474
67467
67443
67433
67421
67418
67400
67392
67370
67359
67357
67347
67334
67322
67317
67303
67298
67280
67277
67265
67243
67233
67229
67224
67207
67205
67184
67170
67146
67134
67133
67096
67089
67055
67055
67039
67038
67038
67026
67017
67013
67001
66997
66990
66977
66967
66960
66941
66929
66917
66908
66875
66867
66864
66861
66852
66851
66840
66837
66830
66816
66808
66793
66791
66775
66760
66757
66753
66752
66747
66734
66733
66717
66714
66713
66702
66701
66699
66688
66679
66664
66661
66654
66633
66621
66611
66588
66557
66555
66553
66540
66528
66492
66471
66460
66433
66429
66428
66425
66421
66421
66419
66417
66407
66406
66403
66402
66401
66400
66375
66370
66346
66333
66323
66316
66314
66312
66305
66303
66293
66293
66292
66288
66274
66268
66268
66257
66248
66218
66218
66215
66213
66206
66176
66175
66172
66159
66139
66136
66126
66094
66091
66091
66062
66059
66054
66052
66042
66033
66031
66024
66021
66004
66002
65966
65963
65961
65961
65942
65939
65936
65935
65926
65912
65909
65898
65876
65868
65867
65835
65835
65822
65821
65821
65800
65775
65771
65763
65748
65728
65725
65714
65711
65691
65687
65681
65661
65654
65634
65633
65614
65612
65610
65605
65604
65595
65588
65563
65556
65538
65523
65504
65463
65444
65439
65428
65418
65411
65399
65349
65335
65305
65303
65291
65282
65273
65268
65260
65234
65225
65184
65179
65175
65173
65169
65146
65139
65126
65116
65115
65113
65109
65080
65073
65070
65050
65047
65021
65008
64990
64986
64980
64980
64978
64964
64963
64963
64917
64916
64915
64912
64887
64880
64877
64876
64869
64868
64867
64849
64844
64832
64829
64824
64823
64813
64800
64793
64787
64783
64776
64768
64741
64724
64722
64721
64713
64708
64690
64688
64664
64661
64656
64635
64632
64631
64622
64610
64604
64576
64568
64561
64547
64531
64530
64527
64527
64516
64492
64489
64457
64454
64440
64429
64425
64423
64421
64414
64405
64403
64400
64390
64379
64369
64367
64356
64353
64347
64345
64311
64301
64297
64290
64278
64267
64266
64265
64258
64242
64239
64234
64233
64228
64221
64216
64210
64208
64193
64187
64186
64186
64180
64177
64173
64169
64166
64158
64153
64134
64117
64112
64081
64079
64070
64061
64058
64048
64043
64037
64034
64011
64000
63997
63968
63944
63939
63920
63916
63913
63910
63904
63883
63883
63856
63851
63823
63801
63784
63783
63774
63766
63749
63747
63735
63696
63695
63693
63684
63642
63640
63620
63616
63592
63584
63570
63569
63549
63528
63509
63509
63500
63493
63479
63469
63455
63414
63408
63405
63388
63346
63333
63329
63302
63301
63294
63292
63290
63263
63254
63248
63243
63235
63213
63202
63198
63189
63189
63187
63179
63169
63151
63138
63119
63097
63092
63077
63076
63067
63029
63026
63018
63009
63008
63003
62992
62981
62971
62966
62961
62932
62930
62920
62903
62886
62880
62876
62861
62850
62846
62844
62819
62817
62817
62800
62785
62769
62761
62757
62725
62725
62719
62709
62708
62706
62700
62690
62683
62665
62657
62657
62641
62639
62636
62634
62623
62622
62613
62574
62566
62535
62526
62513
62505
62493
62475
62469
62465
62452
62444
62442
62437
62419
62416
62413
62387
62374
62363
62351
62349
62346
62343
62335
62324
62301
62299
62287
62255
62251
62251
62246
62240
62237
62237
62224
62223
62218
62217
62185
62182
62159
62158
62156
62153
62136
62130
62129
62092
62088
62082
62078
62045
62028
62002
61961
61941
61931
61926
61914
61911
61903
61893
61873
61870
61856
61815
61810
61809
61800
61794
61788
61770
61758
61697
61680
61672
61670
61667
61655
61647
61643
61603
61603
61591
61558
61557
61547
61536
61536
61524
61491
61486
61473
61461
61458
61426
61420
61404
61402
61392
61389
61359
61345
61344
61343
61293
61287
61273
61272
61268
61256
61214
61199
61197
61175
61175
61174
61173
61151
61147
61145
61144
61135
61131
61083
61072
61072
61065
61063
61047
61044
61038
61033
61021
61016
61010
60993
60991
60984
60982
60975
60964
60954
60948
60937
60935
60929
60890
60882
60871
60864
60858
60857
60853
60852
60847
60832
60825
60816
60804
60771
60762
60754
60749
60738
60719
60714
60707
60703
60700
60684
60679
60676
60674
60668
60664
60631
60630
60626
60617
60616
60604
60601
60574
60507
60499
60488
60484
60432
60413
60397
60375
60373
60371
60360
60355
60348
60339
60324
60319
60315
60313
60312
60307
60304
60296
60278
60276
60275
60257
60256
60237
60211
60210
60196
60196
60173
60168
60163
60146
60144
60142
60138
60110
60097
60097
60087
60084
60080
60075
60070
60068
60058
60041
59963
59962
59942
59940
59925
59891
59876
59853
59843
59836
59806
59798
59788
59784
59775
59762
59752
59745
59744
59733
59698
59664
59661
59654
59641
59631
59630
59623
59610
59585
59582
59580
59551
59543
59535
59533
59533
59533
59520
59519
59505
59505
59497
59493
59452
59428
59427
59399
59393
59391
59383
59379
59377
59373
59358
59357
59320
59317
59303
59300
59292
59274
59272
59265
59260
59255
59253
59250
59237
59224
59208
59196
59181
59174
59172
59162
59157
59143
59128
59122
59107
59094
59083
59071
59035
59032
59024
59012
59003
58992
58975
58968
58968
58956
58955
58943
58923
58913
58912
58889
58874
58868
58860
58857
58852
58825
58820
58805
58778
58760
58747
58746
58746
58740
58712
58680
58677
58677
58677
58656
58631
58595
58588
58585
58585
58577
58567
58539
58532
58526
58525
58524
58523
58514
58512
58503
58498
58496
58482
58459
58451
58445
58438
58432
58430
58425
58425
58412
58369
58345
58334
58328
58321
58320
58319
58309
58303
58294
58278
58273
58264
58247
58245
58241
58227
58224
58221
58213
58212
58210
58200
58199
58180
58176
58166
58134
58101
58094
58092
58084
58084
58073
58073
58063
58048
58034
58031
58026
58020
58017
58005
57991
57980
57976
57971
57962
57961
57955
57950
57949
57943
57932
57921
57919
57917
57916
57906
57901
57891
57886
57884
57872
57869
57863
57855
57839
57836
57803
57799
57790
57788
57788
57783
57776
57775
57763
57720
57707
57704
57690
57687
57672
57671
57660
57660
57652
57638
57621
57600
57598
57584
57550
57538
57486
57478
57472
57472
57470
57458
57448
57445
57440
57437
57426
57418
57414
57406
57405
57402
57395
57373
57343
57323
57322
57320
57317
57307
57302
57284
57277
57263
57247
57244
57220
57220
57219
57215
57213
57195
57194
57181
57177
57174
57173
57170
57166
57156
57144
57131
57130
57111
57106
57104
57074
57071
57067
57062
57055
57051
57044
57036
57030
57026
57014
57003
57000
56993
56983
56978
56963
56961
56950
56922
56917
56904
56891
56882
56870
56869
56856
56855
56837
56835
56832
56825
56810
56793
56790
56782
56747
56745
56735
56721
56703
56684
56681
56665
56654
56647
56647
56636
56618
56618
56598
56575
56559
56547
56547
56543
56539
56539
56533
56526
56515
56508
56497
56449
56444
56427
56409
56390
56387
56349
56342
56329
56329
56322
56309
56296
56295
56291
56285
56279
56254
56250
56247
56244
56218
56192
56191
56189
56184
56156
56124
56118
56091
56087
56086
56083
56080
56070
56050
56042
56035
56023
55976
55974
55974
55968
55959
55954
55948
55936
55927
55923
55921
55913
55911
55911
55910
55897
55897
55894
55865
55854
55844
55838
55817
55804
55804
55802
55792
55788
55782
55782
55769
55767
55757
55745
55744
55740
55736
55735
55731
55731
55706
55692
55671
55658
55636
55633
55626
55619
55593
55559
55557
55536
55523
55520
55500
55500
55499
55498
55489
55476
55458
55436
55428
55421
55403
55390
55388
55382
55367
55367
55340
55339
55323
55294
55269
55263
55261
55203
55193
55189
55188
55152
55137
55133
55120
55107
55104
55099
55079
55062
55051
55051
55048
55046
55043
55038
55034
55031
55029
55025
55015
54998
54995
54971
54966
54963
54950
54948
54947
54937
54908
54907
54905
54901
54893
54885
54866
54865
54857
54844
54831
54761
54743
54736
54730
54722
54712
54710
54706
54699
54678
54672
54662
54662
54657
54644
54644
54642
54636
54635
54634
54627
54620
54580
54573
54568
54556
54553
54549
54543
54539
54537
54532
54531
54526
54523
54520
54516
54507
54495
54478
54472
54470
54468
54464
54462
54434
54427
54411
54407
54384
54378
54378
54362
54352
54344
54342
54341
54340
54337
54328
54325
54320
54300
54298
54297
54294
54288
54283
54276
54264
54255
54254
54221
54211
54191
54182
54180
54169
54160
54153
54146
54137
54136
54128
54116
54115
54098
54093
54078
54064
54059
54054
54053
54022
54007
54002
53986
53975
53973
53973
53941
53927
53919
53905
53903
53867
53864
53849
53841
53804
53793
53790
53769
53767
53767
53760
53759
53752
53744
53743
53728
53722
53709
53699
53691
53683
53679
53676
53659
53659
53622
53612
53606
53585
53584
53578
53575
53570
53566
53550
53546
53524
53492
53477
53472
53434
53421
53409
53403
53383
53383
53357
53348
53329
53323
53300
53290
53287
53284
53278
53272
53236
53231
53231
53224
53218
53214
53203
53197
53182
53181
53178
53172
53171
53158
53152
53150
53141
53104
53103
53098
53095
53080
53073
53046
53038
53033
52969
52950
52946
52931
52924
52884
52873
52859
52855
52847
52845
52835
52828
52827
52803
52803
52785
52777
52775
52769
52753
52749
52748
52744
52741
52729
52716
52714
52705
52702
52680
52668
52656
52653
52639
52629
52622
52618
52577
52568
52561
52559
52542
52537
52526
52524
52515
52511
52505
52501
52494
52488
52475
52453
52439
52430
52422
52387
52383
52383
52364
52363
52345
52344
52287
52285
52255
52252
52244
52235
52235
52233
52227
52211
52187
52179
52168
52165
52163
52148
52148
52117
52113
52102
52093
52087
52086
52073
52061
52060
52042
52023
52001
51986
51983
51982
51975
51957
51955
51949
51937
51937
51928
51920
51911
51894
51883
51882
51857
51849
51825
51819
51816
51802
51795
51762
51759
51740
51737
51733
51730
51728
51725
51705
51694
51693
51690
51689
51681
51668
51654
51648
51637
51613
51587
51570
51541
51522
51516
51494
51484
51473
51465
51463
51461
51459
51451
51444
51441
51438
51428
51419
51401
51400
51395
51388
51386
51380
51378
51376
51361
51345
51335
51318
51314
51305
51303
51301
51298
51296
51290
51280
51273
51272
51251
51243
51211
51197
51194
51180
51170
51160
51160
51158
51144
51131
51124
51123
51116
51115
51079
51071
51069
51067
51063
51062
51060
51034
51034
51020
51010
51004
51001
50996
50991
50991
50984
50974
50960
50951
50940
50930
50923
50884
50882
50881
50863
50856
50845
50844
50802
50795
50794
50790
50790
50785
50781
50767
50764
50759
50747
50716
50714
50708
50687
50682
50678
50676
50675
50668
50663
50658
50650
50628
50626
50610
50608
50602
50600
50578
50574
50571
50549
50545
50542
50522
50518
50515
50510
50503
50498
50477
50476
50473
50472
50464
50455
50440
50439
50421
50405
50404
50403
50403
50402
50379
50377
50376
50338
50330
50329
50314
50313
50288
50284
50277
50265
50263
50238
50219
50210
50194
50178
50175
50168
50156
50152
50141
50129
50115
50108
50103
50100
50099
50081
50077
50071
50069
50049
50048
50038
50035
50033
50026
49992
49988
49985
49976
49976
49974
49970
49966
49964
49940
49939
49936
49929
49926
49922
49917
49908
49904
49894
49894
49885
49883
49864
49843
49824
49817
49783
49775
49765
49764
49754
49752
49750
49741
49737
49733
49730
49724
49724
49722
49721
49690
49677
49670
49669
49646
49641
49632
49630
49551
49543
49515
49494
49490
49483
49482
49476
49463
49461
49455
49454
49436
49425
49413
49412
49405
49403
49400
49398
49389
49382
49351
49340
49328
49325
49324
49313
49302
49287
49284
49272
49272
49265
49264
49251
49244
49230
49226
49211
49191
49190
49158
49152
49150
49143
49143
49142
49122
49110
49090
49079
49050
49049
49037
49008
49005
49004
49003
48995
48987
48980
48943
48942
48926
48910
48897
48889
48887
48870
48862
48851
48834
48833
48819
48819
48807
48799
48798
48790
48788
48783
48771
48765
48754
48750
48731
48697
48693
48673
48660
48656
48647
48638
48631
48628
48626
48625
48620
48616
48610
48594
48578
48554
48546
48542
48541
48539
48524
48516
48508
48495
48493
48489
48476
48474
48442
48423
48409
48405
48405
48371
48371
48364
48361
48335
48332
48328
48326
48318
48308
48301
48290
48286
48276
48232
48226
48223
48193
48189
48170
48131
48117
48111
48111
48101
48087
48081
48068
48064
48061
48055
48050
48039
48038
48022
48021
48018
48016
48009
48007
48000
47990
47985
47974
47969
47949
47943
47938
47936
47932
47931
47930
47928
47924
47921
47904
47871
47847
47820
47792
47781
47772
47762
47757
47756
47732
47731
47715
47711
47705
47704
47689
47688
47681
47678
47678
47678
47676
47656
47626
47615
47585
47583
47574
47568
47566
47556
47553
47548
47489
47477
47470
47464
47448
47418
47416
47397
47392
47388
47385
47359
47348
47340
47340
47326
47325
47324
47311
47311
47283
47262
47256
47248
47242
47242
47242
47228
47218
47180
47171
47164
47149
47148
47123
47083
47075
47066
47064
47064
47059
47052
47038
47029
47027
47020
46994
46989
46984
46975
46975
46971
46970
46964
46962
46962
46941
46934
46928
46925
46902
46899
46884
46850
46843
46843
46840
46827
46797
46795
46795
46787
46785
46744
46736
46734
46730
46724
46714
46710
46698
46691
46682
46652
46611
46607
46605
46598
46589
46575
46571
46554
46542
46535
46517
46506
46501
46485
46480
46461
46457
46410
46406
46403
46396
46392
46385
46368
46360
46356
46341
46339
46337
46334
46321
46315
46306
46276
46265
46262
46257
46234
46220
46214
46211
46192
46183
46162
46158
46158
46154
46145
46143
46142
46141
46129
46125
46119
46100
46074
46073
46057
46045
46041
46019
45977
45970
45966
45963
45955
45955
45948
45940
45927
45917
45917
45888
45886
45884
45859
45833
45826
45822
45818
45816
45812
45812
45786
45771
45770
45745
45745
45741
45713
45690
45687
45675
45672
45658
45651
45650
45640
45634
45623
45603
45597
45596
45589
45579
45578
45567
45565
45564
45564
45561
45548
45546
45538
45511
45502
45498
45483
45482
45475
45435
45403
45403
45393
45393
45389
45368
45367
45355
45347
45347
45346
45342
45341
45295
45284
45283
45283
45265
45255
45252
45246
45244
45212
45210
45204
45192
45192
45180
45166
45163
45133
45133
45133
45089
45087
45078
45071
45068
45053
45046
45044
45028
45024
45019
44997
44977
44974
44969
44963
44955
44952
44946
44942
44927
44924
44902
44900
44889
44880
44876
44866
44860
44838
44818
44789
44782
44755
44722
44686
44636
44628
44627
44610
44590
44570
44558
44550
44540
44534
44524
44519
44500
44493
44486
44483
44475
44454
44447
44431
44421
44420
44410
44404
44392
44387
44349
44348
44321
44269
44255
44236
44230
44229
44223
44221
44217
44188
44180
44175
44143
44138
44135
44131
44128
44124
44117
44112
44112
44085
44078
44078
44063
44024
43985
43984
43976
43972
43966
43961
43956
43939
43933
43927
43921
43919
43897
43890
43888
43887
43885
43884
43875
43875
43874
43868
43866
43864
43857
43818
43799
43758
43749
43747
43742
43734
43731
43726
43702
43697
43696
43695
43693
43689
43687
43684
43674
43673
43652
43618
43618
43572
43560
43543
43538
43529
43518
43509
43485
43481
43479
43466
43456
43442
43434
43426
43425
43418
43418
43406
43402
43400
43390
43389
43370
43365
43365
43346
43345
43339
43338
43331
43311
43309
43305
43303
43298
43279
43276
43270
43264
43264
43257
43241
43226
43215
43183
43159
43146
43127
43124
43107
43103
43090
43069
43067
43008
43005
43002
42996
42995
42982
42979
42978
42965
42964
42962
42942
42923
42914
42910
42905
42904
42881
42871
42867
42858
42850
42843
42838
42814
42798
42794
42786
42770
42761
42754
42753
42751
42732
42710
42705
42698
42698
42685
42684
42676
42661
42655
42628
42614
42606
42605
42599
42598
42533
42521
42516
42511
42499
42464
42459
42457
42445
42443
42438
42432
42429
42427
42421
42374
42373
42368
42356
42294
42291
42290
42284
42271
42262
42249
42239
42238
42231
42213
42207
42203
42193
42179
42179
42171
42166
42164
42164
42157
42149
42122
42119
42087
42063
42054
42053
42045
42033
42029
42021
42014
42009
42008
42005
41978
41976
41973
41923
41921
41913
41910
41900
41876
41875
41863
41859
41856
41847
41825
41811
41776
41768
41764
41760
41744
41744
41727
41724
41719
41700
41672
41660
41656
41649
41626
41625
41617
41606
41589
41587
41583
41577
41575
41531
41525
41522
41499
41497
41491
41474
41474
41472
41449
41444
41430
41426
41425
41412
41403
41393
41387
41357
41354
41347
41339
41303
41298
41292
41291
41280
41274
41271
41270
41252
41244
41217
41215
41206
41195
41158
41150
41142
41138
41136
41124
41112
41089
41072
41049
41045
41042
41030
41029
41019
41000
40991
40952
40909
40886
40883
40875
40866
40860
40857
40854
40848
40843
40841
40835
40807
40804
40798
40787
40776
40776
40746
40716
40711
40706
40690
40690
40676
40651
40640
40619
40616
40607
40599
40588
40584
40563
40545
40542
40540
40540
40537
40521
40519
40516
40515
40509
40494
40482
40479
40477
40473
40466
40446
40428
40414
40383
40372
40369
40361
40361
40351
40342
40317
40295
40287
40287
40285
40283
40281
40269
40249
40248
40244
40231
40199
40187
40175
40136
40127
40123
40120
40120
40119
40092
40092
40086
40083
40060
40051
40040
40018
39998
39998
39992
39992
39988
39971
39969
39958
39955
39935
39933
39933
39912
39908
39894
39887
39872
39871
39859
39844
39836
39828
39825
39778
39773
39769
39769
39737
39734
39707
39686
39683
39675
39668
39665
39647
39642
39632
39615
39611
39611
39608
39604
39590
39581
39573
39558
39555
39549
39547
39538
39535
39513
39487
39481
39461
39459
39444
39436
39431
39421
39411
39407
39406
39399
39397
39396
39385
39379
39376
39375
39368
39361
39353
39352
39326
39323
39318
39305
39288
39279
39271
39266
39266
39263
39258
39255
39227
39188
39185
39131
39123
39109
39105
39103
39102
39102
39095
39091
39086
39069
39062
39051
39039
39036
39034
39032
39012
39008
39006
39005
39004
38971
38966
38954
38945
38940
38934
38911
38909
38908
38886
38867
38863
38850
38848
38844
38828
38820
38793
38766
38764
38761
38751
38746
38741
38741
38739
38729
38715
38715
38713
38709
38709
38701
38700
38691
38672
38650
38620
38618
38604
38600
38590
38581
38565
38531
38505
38490
38487
38482
38480
38468
38463
38455
38452
38449
38415
38412
38403
38390
38384
38379
38376
38362
38343
38281
38274
38262
38261
38221
38185
38180
38163
38161
38156
38156
38151
38140
38133
38122
38120
38116
38115
38105
38105
38093
38091
38079
38060
38059
38054
38028
38026
38004
38001
37981
37972
37957
37949
37946
37944
37935
37930
37927
37915
37906
37902
37899
37892
37868
37861
37857
37856
37856
37855
37854
37845
37841
37832
37831
37829
37825
37814
37805
37797
37796
37773
37759
37729
37715
37714
37697
37694
37693
37689
37687
37685
37676
37653
37650
37634
37617
37614
37610
37597
37583
37575
37559
37552
37547
37545
37542
37515
37512
37498
37495
37494
37492
37459
37457
37454
37449
37443
37441
37433
37431
37424
37412
37402
37400
37396
37394
37392
37392
37391
37389
37378
37374
37366
37341
37330
37311
37295
37293
37284
37282
37281
37277
37268
37255
37228
37211
37193
37187
37169
37167
37148
37145
37139
37129
37117
37112
37091
37083
37073
37072
37071
37050
37015
37005
36994
36991
36971
36965
36964
36963
36960
36947
36933
36928
36925
36922
36913
36900
36893
36886
36886
36862
36850
36844
36834
36830
36825
36819
36811
36802
36795
36772
36769
36741
36735
36713
36711
36689
36682
36659
36647
36645
36644
36621
36621
36611
36606
36574
36571
36563
36559
36548
36534
36526
36513
36511
36501
36500
36492
36474
36464
36463
36443
36423
36421
36394
36387
36381
36374
36371
36366
36363
36362
36351
36339
36322
36306
36299
36294
36284
36264
36261
36233
36227
36211
36199
36197
36193
36189
36184
36150
36146
36140
36138
36135
36125
36117
36113
36113
36107
36106
36093
36082
36059
36048
36033
36026
36020
35993
35983
35966
35960
35939
35938
35934
35934
35914
35905
35876
35874
35871
35849
35829
35817
35809
35807
35806
35802
35793
35778
35773
35771
35737
35736
35704
35687
35684
35683
35662
35644
35634
35630
35629
35625
35619
35618
35618
35606
35601
35601
35586
35565
35562
35552
35544
35526
35509
35506
35504
35485
35481
35462
35460
35444
35442
35429
35422
35418
35378
35359
35305
35301
35299
35296
35292
35280
35265
35262
35259
35251
35244
35241
35236
35232
35215
35212
35201
35192
35156
35154
35096
35087
35070
35064
35064
35063
35052
35032
35027
35023
35021
35013
35000
34999
34992
34988
34978
34973
34962
34953
34952
34946
34938
34938
34922
34911
34907
34896
34891
34872
34859
34854
34851
34850
34849
34846
34843
34843
34819
34778
34745
34743
34731
34724
34721
34713
34694
34694
34684
34666
34644
34638
34611
34607
34604
34594
34585
34569
34519
34517
34509
34503
34493
34492
34491
34478
34478
34468
34460
34456
34456
34449
34444
34439
34438
34435
34435
34430
34417
34417
34415
34409
34408
34408
34403
34399
34393
34379
34354
34352
34351
34345
34335
34313
34312
34289
34289
34280
34266
34266
34247
34226
34221
34216
34210
34202
34186
34186
34185
34172
34169
34135
34126
34107
34107
34103
34079
34057
34050
34049
34041
34032
34012
34009
34008
34003
34001
34000
33989
33987
33982
33977
33964
33947
33937
33909
33908
33899
33883
33883
33881
33878
33853
33833
33813
33812
33791
33789
33775
33767
33757
33721
33709
33676
33666
33660
33657
33642
33625
33624
33621
33616
33615
33612
33609
33604
33564
33556
33550
33538
33528
33525
33514
33498
33464
33462
33449
33430
33419
33393
33364
33361
33360
33359
33326
33319
33316
33312
33301
33299
33268
33256
33240
33233
33219
33211
33203
33198
33194
33171
33166
33164
33163
33134
33125
33124
33118
33115
33112
33108
33096
33092
33082
33063
33041
33035
33030
33026
33016
33015
33009
33008
33003
32978
32959
32954
32930
32930
32929
32916
32908
32907
32892
32890
32890
32887
32879
32867
32863
32862
32848
32833
32827
32793
32783
32782
32781
32750
32748
32742
32733
32726
32718
32705
32704
32693
32692
32685
32681
32652
32650
32646
32618
32607
32603
32598
32554
32552
32552
32540
32536
32515
32511
32507
32496
32493
32489
32482
32480
32445
32442
32430
32429
32429
32413
32395
32395
32369
32358
32334
32322
32320
32298
32294
32290
32289
32268
32252
32238
32236
32232
32218
32217
32203
32196
32188
32185
32181
32176
32175
32174
32174
32143
32130
32128
32128
32128
32113
32107
32103
32099
32094
32092
32080
32080
32063
32026
32023
31992
31985
31981
31978
31973
31942
31934
31924
31870
31859
31851
31846
31841
31841
31832
31832
31804
31758
31742
31733
31724
31708
31695
31668
31664
31659
31641
31639
31638
31626
31606
31600
31597
31595
31594
31580
31566
31547
31547
31536
31532
31524
31523
31509
31500
31488
31475
31468
31460
31444
31438
31436
31431
31429
31412
31410
31406
31370
31359
31358
31335
31333
31330
31318
31306
31302
31297
31292
31285
31283
31271
31267
31265
31264
31254
31249
31249
31236
31233
31221
31212
31197
31193
31187
31182
31181
31181
31177
31172
31153
31146
31145
31117
31111
31093
31092
31080
31068
31067
31064
31036
31030
31015
31011
30987
30983
30979
30961
30943
30943
30936
30934
30917
30915
30913
30910
30902
30894
30892
30890
30858
30855
30798
30781
30770
30764
30758
30747
30746
30745
30740
30739
30720
30682
30681
30679
30671
30669
30659
30632
30631
30631
30628
30613
30608
30607
30588
30574
30574
30551
30522
30512
30510
30509
30497
30494
30486
30486
30452
30448
30443
30439
30432
30394
30364
30337
30336
30324
30319
30316
30310
30310
30283
30282
30273
30261
30224
30197
30191
30188
30145
30141
30129
30119
30113
30107
30098
30097
30078
30076
30074
30051
30050
30041
30019
30019
30001
29992
29978
29972
29949
29945
29940
29937
29922
29922
29919
29916
29908
29905
29898
29895
29891
29868
29866
29852
29848
29846
29838
29837
29835
29835
29834
29827
29817
29807
29797
29779
29778
29774
29750
29738
29733
29712
29712
29704
29691
29686
29685
29676
29666
29652
29638
29634
29632
29612
29577
29559
29549
29529
29528
29515
29509
29509
29498
29495
29488
29477
29468
29467
29461
29458
29456
29449
29447
29444
29428
29399
29387
29353
29342
29330
29317
29315
29304
29304
29302
29289
29273
29241
29181
29160
29145
29143
29135
29131
29110
29103
29090
29080
29074
29070
29066
29058
29047
29044
29043
29038
29027
29026
29001
28996
28995
28994
28992
28975
28969
28968
28956
28943
28938
28908
28906
28886
28882
28875
28874
28873
28869
28869
28838
28825
28820
28814
28812
28807
28773
28769
28767
28723
28701
28681
28680
28641
28635
28634
28627
28624
28622
28617
28610
28556
28555
28552
28548
28545
28517
28501
28486
28480
28475
28465
28459
28431
28418
28378
28378
28356
28352
28338
28324
28315
28314
28305
28302
28282
28282
28270
28260
28258
28238
28213
28199
28199
28173
28164
28161
28159
28126
28116
28116
28110
28107
28105
28104
28104
28053
28053
28051
28049
28047
28044
28043
28029
28024
28019
27995
27971
27964
27947
27945
27943
27931
27927
27917
27916
27913
27907
27894
27885
27877
27869
27868
27861
27854
27838
27828
27804
27793
27788
27779
27777
27763
27762
27758
27755
27754
27746
27744
27741
27719
27716
27699
27697
27690
27685
27684
27677
27673
27668
27668
27629
27627
27618
27614
27609
27591
27590
27576
27570
27560
27557
27532
27522
27516
27514
27503
27495
27488
27463
27461
27450
27417
27416
27415
27413
27409
27408
27389
27382
27364
27362
27359
27352
27352
27348
27343
27330
27320
27312
27294
27292
27280
27280
27273
27269
27251
27247
27244
27241
27231
27223
27211
27209
27204
27175
27167
27150
27129
27119
27103
27102
27086
27085
27079
27060
27059
27052
27037
27010
27009
26989
26980
26978
26976
26973
26951
26924
26869
26863
26861
26856
26850
26849
26848
26841
26840
26839
26839
26827
26819
26817
26780
26780
26767
26766
26741
26722
26721
26721
26719
26697
26696
26680
26678
26672
26659
26651
26649
26649
26644
26621
26597
26586
26571
26570
26567
26553
26539
26532
26528
26471
26456
26433
26423
26422
26418
26412
26406
26403
26364
26338
26333
26301
26281
26279
26278
26274
26271
26271
26267
26248
26244
26221
26209
26205
26204
26204
26196
26194
26176
26173
26170
26141
26126
26122
26119
26117
26114
26095
26076
26070
26070
26060
26060
26043
26043
26036
26024
26018
26017
26012
26003
25997
25984
25977
25967
25944
25934
25934
25928
25927
25897
25881
25865
25846
25828
25810
25803
25802
25798
25791
25784
25783
25781
25773
25770
25769
25765
25755
25731
25718
25713
25703
25687
25684
25682
25667
25662
25653
25635
25626
25626
25619
25619
25615
25614
25607
25607
25590
25589
25587
25581
25536
25536
25527
25472
25437
25433
25413
25376
25366
25351
25348
25341
25335
25325
25318
25315
25300
25299
25289
25288
25268
25267
25253
25235
25226
25224
25213
25207
25201
25179
25176
25165
25163
25162
25160
25147
25140
25137
25109
25108
25096
25086
25060
25053
25048
25038
25036
25030
25024
25009
25002
24997
24993
24984
24981
24968
24960
24958
24951
24948
24945
24944
24941
24940
24931
24931
24928
24916
24915
24910
24880
24861
24860
24847
24840
24834
24829
24827
24797
24789
24787
24787
24771
24770
24714
24697
24663
24649
24644
24620
24612
24612
24611
24611
24588
24571
24568
24556
24555
24544
24539
24535
24528
24527
24522
24518
24517
24517
24512
24511
24498
24493
24485
24475
24460
24446
24442
24441
24437
24420
24404
24393
24344
24325
24320
24297
24285
24276
24274
24267
24264
24260
24250
24242
24235
24206
24147
24141
24131
24115
24108
24108
24105
24104
24101
24083
24075
24067
24044
24042
24016
24015
24010
24005
24001
23999
23995
23991
23989
23973
23971
23944
23934
23929
23929
23897
23888
23876
23865
23864
23835
23818
23783
23760
23756
23755
23750
23743
23737
23737
23735
23713
23706
23703
23696
23693
23692
23682
23679
23667
23661
23660
23656
23654
23650
23641
23640
23639
23634
23623
23613
23596
23574
23568
23549
23546
23546
23535
23527
23503
23489
23479
23470
23454
23446
23445
23432
23428
23428
23418
23393
23391
23382
23381
23376
23363
23343
23335
23333
23326
23316
23316
23315
23293
23288
23272
23243
23242
23238
23216
23190
23183
23181
23171
23169
23161
23158
23157
23156
23144
23143
23141
23122
23118
23106
23100
23093
23087
23077
23060
23053
23045
23037
23036
23033
23030
23024
22982
22980
22952
22940
22919
22901
22881
22868
22863
22850
22837
22835
22834
22822
22813
22796
22752
22746
22741
22739
22739
22729
22721
22718
22703
22675
22670
22664
22633
22628
22628
22618
22597
22595
22576
22573
22546
22512
22511
22504
22503
22479
22471
22458
22452
22448
22430
22380
22368
22368
22351
22345
22344
22334
22307
22306
22275
22270
22268
22263
22258
22234
22216
22199
22193
22181
22178
22173
22168
22165
22163
22146
22146
22137
22136
22132
22120
22091
22089
22069
22061
22050
22048
22047
22046
22042
22042
22034
22008
21990
21957
21952
21950
21936
21911
21906
21898
21882
21881
21875
21874
21871
21853
21835
21834
21827
21823
21810
21802
21772
21762
21755
21753
21694
21692
21688
21681
21679
21679
21678
21672
21667
21666
21651
21626
21624
21611
21590
21584
21583
21580
21567
21563
21558
21522
21518
21470
21468
21467
21454
21453
21453
21452
21443
21434
21434
21423
21421
21416
21403
21374
21372
21368
21358
21353
21348
21343
21340
21336
21330
21315
21311
21306
21290
21276
21266
21250
21240
21224
21212
21204
21198
21188
21182
21167
21165
21158
21153
21147
21144
21139
21131
21129
21112
21110
21107
21078
21077
21074
21072
21063
21055
21031
20986
20968
20965
20960
20940
20931
20927
20911
20878
20859
20837
20831
20815
20810
20781
20780
20763
20760
20756
20753
20753
20746
20721
20695
20682
20652
20645
20633
20632
20630
20626
20610
20581
20581
20565
20565
20561
20551
20542
20534
20518
20496
20494
20493
20474
20447
20442
20423
20414
20405
20400
20395
20366
20356
20351
20341
20334
20333
20303
20302
20292
20289
20261
20245
20205
20169
20161
20140
20131
20118
20112
20109
20103
20087
20076
20072
20069
20045
20044
20030
20024
20024
20014
20008
20002
19991
19978
19976
19971
19953
19929
19900
19889
19888
19883
19871
19855
19832
19812
19810
19806
19764
19762
19743
19732
19720
19698
19685
19680
19680
19667
19658
19651
19650
19649
19643
19641
19624
19621
19620
19609
19600
19586
19569
19566
19542
19542
19528
19508
19491
19479
19479
19468
19447
19444
19441
19438
19411
19405
19397
19397
19376
19375
19363
19340
19335
19328
19326
19323
19321
19321
19314
19278
19275
19263
19254
19249
19235
19228
19205
19204
19197
19192
19179
19178
19175
19163
19158
19147
19145
19141
19136
19130
19117
19112
19111
19102
19100
19099
19090
19083
19078
19077
19043
19032
19024
19022
19022
19019
19013
18999
18996
18980
18972
18969
18950
18898
18876
18855
18849
18841
18828
18826
18823
18822
18802
18753
18753
18733
18723
18720
18718
18718
18708
18702
18695
18693
18671
18639
18608
18589
18571
18564
18524
18522
18513
18501
18493
18483
18446
18440
18429
18427
18426
18425
18387
18386
18384
18384
18381
18373
18367
18356
18348
18347
18324
18324
18317
18312
18306
18299
18289
18282
18265
18263
18250
18239
18238
18235
18215
18192
18159
18158
18136
18130
18128
18114
18108
18102
18100
18095
18094
18083
18060
18053
18051
18051
18035
18034
18024
18001
17999
17997
17995
17973
17968
17963
17923
17897
17895
17893
17874
17873
17873
17861
17860
17852
17830
17825
17802
17799
17786
17773
17753
17751
17739
17732
17731
17727
17717
17712
17710
17707
17705
17682
17660
17659
17658
17658
17652
17650
17620
17582
17581
17581
17565
17535
17535
17529
17528
17524
17519
17518
17516
17499
17496
17494
17487
17462
17454
17447
17444
17441
17439
17436
17432
17421
17413
17411
17404
17377
17365
17363
17347
17341
17323
17320
17319
17316
17301
17290
17278
17262
17233
17227
17225
17221
17170
17169
17158
17111
17104
17101
17096
17090
17073
17068
17060
17045
17041
17035
17005
16998
16989
16986
16980
16950
16934
16914
16905
16905
16900
16893
16893
16880
16870
16867
16853
16846
16821
16816
16769
16764
16761
16757
16755
16733
16725
16720
16717
16713
16688
16685
16672
16669
16651
16619
16611
16584
16570
16553
16548
16543
16528
16525
16515
16512
16512
16511
16497
16486
16486
16486
16485
16479
16479
16456
16450
16428
16420
16412
16407
16407
16390
16364
16357
16331
16299
16286
16272
16267
16260
16259
16229
16227
16223
16214
16212
16210
16208
16195
16191
16164
16163
16155
16137
16134
16121
16120
16109
16104
16099
16086
16079
16058
16053
16043
16034
16013
16011
15988
15982
15979
15970
15962
15945
15944
15906
15903
15894
15894
15882
15875
15873
15872
15866
15846
15841
15832
15831
15830
15828
15826
15807
15803
15798
15788
15775
15775
15767
15760
15747
15739
15721
15709
15702
15695
15695
15692
15663
15624
15612
15605
15577
15577
15570
15558
15542
15531
15524
15521
15514
15507
15463
15454
15447
15446
15439
15420
15366
15364
15361
15358
15345
15345
15339
15334
15331
15329
15290
15289
15283
15230
15202
15191
15191
15186
15161
15160
15159
15150
15148
15146
15134
15123
15107
15094
15084
15073
15070
15059
15059
15048
15047
15042
15041
15024
14998
14945
14940
14928
14919
14904
14901
14891
14883
14873
14870
14842
14824
14797
14778
14743
14727
14726
14726
14719
14714
14713
14704
14698
14653
14650
14642
14625
14617
14616
14607
14605
14605
14604
14595
14593
14588
14585
14580
14577
14567
14562
14559
14554
14539
14537
14533
14528
14518
14511
14507
14477
14475
14475
14446
14443
14435
14434
14433
14421
14419
14406
14394
14384
14384
14372
14366
14365
14364
14350
14329
14318
14314
14312
14305
14290
14262
14261
14249
14237
14227
14226
14220
14197
14194
14192
14178
14168
14149
14146
14144
14125
14118
14111
14100
14086
14062
14055
14050
14049
14034
14033
14028
14022
14020
14009
14000
13999
13995
13990
13979
13971
13965
13962
13959
13957
13956
13949
13948
13944
13937
13917
13909
13899
13849
13840
13810
13788
13773
13771
13770
13754
13749
13744
13742
13741
13728
13722
13708
13706
13699
13684
13679
13676
13632
13632
13620
13618
13617
13593
13585
13566
13560
13539
13536
13532
13530
13527
13526
13519
13504
13493
13490
13490
13489
13484
13471
13458
13449
13432
13405
13401
13393
13364
13349
13345
13340
13327
13320
13311
13292
13272
13256
13251
13243
13243
13232
13227
13221
13213
13189
13173
13173
13171
13163
13150
13150
13139
13120
13107
13097
13093
13088
13066
13064
13059
13046
13038
13034
13033
13015
13010
13004
13004
13000
12997
12997
12987
12974
12948
12936
12930
12925
12909
12895
12884
12855
12852
12834
12833
12813
12810
12807
12803
12798
12773
12760
12756
12749
12738
12730
12713
12688
12648
12643
12638
12636
12616
12603
12579
12575
12570
12567
12564
12557
12553
12548
12520
12515
12508
12494
12471
12469
12464
12457
12451
12445
12443
12436
12381
12380
12378
12377
12369
12369
12357
12311
12306
12290
12289
12266
12219
12218
12199
12197
12182
12171
12168
12139
12136
12115
12114
12111
12110
12108
12100
12097
12093
12092
12092
12084
12066
12056
12053
12044
12041
12037
12027
12016
12015
11977
11975
11972
11958
11956
11950
11949
11946
11942
11937
11905
11868
11868
11865
11823
11811
11807
11807
11804
11800
11779
11768
11765
11760
11755
11741
11739
11736
11735
11725
11720
11707
11700
11698
11671
11667
11663
11650
11643
11638
11635
11632
11629
11608
11597
11571
11570
11565
11560
11551
11545
11544
11537
11533
11521
11517
11496
11468
11457
11456
11441
11432
11416
11414
11411
11411
11410
11409
11391
11389
11377
11364
11337
11330
11291
11282
11280
11278
11277
11276
11275
11268
11258
11248
11246
11245
11219
11206
11205
11197
11192
11187
11166
11154
11152
11145
11125
11122
11103
11101
11090
11063
11057
11051
11039
11030
11026
10995
10980
10958
10935
10915
10914
10911
10901
10897
10885
10878
10876
10866
10859
10845
10840
10805
10804
10799
10790
10784
10760
10745
10744
10693
10677
10673
10666
10651
10638
10638
10631
10613
10611
10591
10590
10586
10581
10580
10546
10538
10537
10534
10533
10526
10517
10496
10495
10485
10485
10478
10469
10468
10463
10435
10434
10433
10406
10406
10392
10375
10349
10328
10326
10313
10307
10301
10296
10271
10258
10253
10241
10233
10231
10208
10180
10158
10102
10095
10086
10058
10040
10033
10021
10010
10010
10009
10005
9985
9962
9951
9929
9916
9908
9862
9856
9850
9847
9840
9836
9828
9800
9766
9758
9757
9712
9710
9704
9701
9688
9686
9684
9681
9673
9669
9666
9654
9651
9610
9598
9596
9562
9559
9537
9526
9524
9507
9504
9488
9486
9484
9480
9479
9465
9441
9440
9412
9410
9397
9387
9378
9348
9346
9334
9317
9312
9307
9305
9303
9293
9284
9284
9271
9252
9246
9242
9223
9218
9213
9212
9191
9171
9143
9118
9109
9091
9088
9084
9075
9065
9047
9011
9008
8973
8943
8941
8929
8929
8928
8920
8911
8906
8896
8854
8851
8846
8838
8836
8828
8824
8813
8807
8797
8765
8751
8743
8742
8733
8730
8729
8726
8725
8694
8681
8647
8640
8616
8608
8602
8590
8583
8580
8564
8562
8557
8554
8551
8524
8512
8507
8488
8474
8467
8458
8457
8452
8446
8439
8395
8392
8386
8386
8358
8358
8336
8326
8316
8315
8307
8306
8298
8289
8274
8269
8247
8245
8234
8232
8228
8200
8181
8149
8145
8140
8132
8126
8111
8093
8089
8073
8073
8067
8062
8049
8039
8011
7997
7974
7974
7972
7954
7944
7944
7944
7938
7933
7923
7900
7895
7888
7887
7886
7885
7845
7844
7842
7837
7833
7827
7824
7823
7821
7814
7812
7808
7805
7799
7791
7769
7752
7737
7724
7719
7716
7680
7669
7667
7659
7642
7633
7627
7614
7596
7595
7589
7588
7575
7559
7513
7506
7502
7493
7482
7480
7470
7462
7448
7441
7439
7437
7430
7413
7405
7401
7400
7398
7375
7372
7366
7346
7335
7333
7275
7252
7246
7236
7230
7223
7208
7205
7197
7194
7190
7169
7160
7150
7121
7120
7116
7102
7076
7072
7071
7063
7058
7054
7043
7032
7022
7012
7005
6967
6958
6935
6929
6921
6908
6896
6892
6886
6870
6866
6864
6819
6814
6805
6801
6792
6790
6789
6785
6766
6757
6745
6738
6724
6721
6721
6716
6696
6694
6677
6635
6623
6612
6610
6602
6585
6584
6583
6576
6573
6552
6549
6525
6502
6502
6492
6491
6488
6483
6479
6433
6414
6414
6409
6406
6406
6401
6391
6387
6364
6356
6351
6332
6327
6321
6320
6312
6303
6282
6280
6275
6262
6248
6247
6241
6240
6234
6229
6227
6214
6194
6185
6173
6168
6167
6145
6139
6113
6062
6051
6045
6034
6022
6017
5994
5979
5973
5970
5950
5942
5936
5924
5913
5905
5868
5865
5849
5843
5840
5829
5827
5818
5813
5813
5808
5805
5805
5800
5797
5791
5789
5785
5780
5766
5757
5756
5739
5736
5733
5722
5718
5710
5699
5686
5679
5651
5647
5633
5628
5623
5601
5594
5581
5561
5542
5539
5533
5525
5511
5508
5487
5486
5486
5480
5439
5437
5429
5428
5422
5421
5420
5417
5413
5386
5385
5376
5374
5360
5353
5345
5334
5325
5324
5319
5316
5313
5305
5299
5292
5290
5289
5278
5273
5262
5222
5217
5175
5141
5131
5122
5118
5088
5066
5066
5033
5024
5011
4994
4983
4958
4955
4949
4949
4949
4943
4939
4927
4915
4909
4879
4843
4831
4828
4827
4790
4779
4779
4778
4770
4763
4756
4743
4737
4729
4712
4710
4705
4697
4695
4694
4690
4685
4648
4631
4626
4589
4587
4585
4580
4580
4558
4555
4549
4540
4535
4516
4513
4486
4481
4467
4428
4427
4424
4419
4405
4390
4382
4369
4347
4343
4342
4341
4338
4329
4328
4323
4307
4300
4298
4292
4291
4287
4276
4275
4267
4265
4256
4250
4237
4227
4192
4190
4173
4169
4166
4160
4136
4134
4131
4113
4109
4057
4042
4030
4030
4024
4022
4012
4006
4004
3992
3979
3964
3955
3952
3949
3949
3937
3929
3918
3903
3884
3880
3875
3872
3869
3858
3830
3801
3789
3779
3777
3750
3712
3712
3688
3666
3654
3650
3628
3617
3611
3608
3605
3605
3603
3599
3569
3533
3511
3506
3493
3491
3487
3469
3449
3449
3447
3432
3428
3416
3407
3407
3385
3380
3371
3332
3327
3325
3323
3316
3287
3279
3265
3264
3254
3249
3248
3240
3226
3217
3202
3195
3189
3184
3179
3165
3163
3158
3138
3128
3123
3119
3111
3110
3103
3090
3074
3032
3022
3022
3006
3000
2999
2997
2991
2984
2975
2964
2925
2922
2920
2872
2868
2866
2862
2838
2827
2822
2799
2793
2787
2770
2761
2761
2746
2734
2723
2717
2709
2705
2695
2686
2674
2657
2656
2597
2597
2592
2585
2563
2555
2550
2544
2541
2536
2507
2506
2504
2482
2481
2464
2424
2406
2396
2388
2376
2376
2357
2356
2343
2342
2320
2318
2311
2297
2287
2267
2249
2247
2246
2242
2229
2225
2214
2212
2204
2198
2194
2174
2172
2156
2155
2148
2140
2133
2128
2128
2111
2060
2043
2040
2015
2006
1993
1989
1988
1983
1954
1950
1931
1908
1907
1904
1901
1896
1879
1874
1847
1843
1843
1839
1828
1823
1813
1796
1781
1768
1767
1759
1754
1753
1753
1748
1747
1732
1718
1705
1678
1660
1651
1648
1635
1626
1606
1599
1599
1594
1573
1561
1557
1554
1554
1545
1535
1453
1439
1437
1424
1422
1420
1413
1409
1403
1400
1389
1375
1369
1348
1337
1336
1322
1320
1296
1290
1289
1285
1277
1273
1266
1263
1249
1249
1236
1234
1225
1219
1192
1178
1176
1176
1175
1151
1135
1126
1114
1110
1108
1087
1086
1081
1068
1067
1065
1063
1052
1040
1040
1038
1023
1011
1007
1004
1002
995
984
975
964
943
940
939
930
919
919
913
912
911
896
892
882
877
865
854
843
833
829
820
812
800
796
790
784
772
757
756
753
745
723
720
698
690
663
658
651
649
643
624
609
600
576
570
562
521
521
500
495
463
457
448
434
432
430
425
423
417
382
367
358
347
345
343
323
321
318
309
305
304
290
287
252
221
213
187
178
178
163
161
154
149
146
130
129
109
70
61
60
43
42
39
27
6
