2000
99972
99930
99911
99905
99820
99783
99746
99705
99668
99547
99545
99385
99382
99377
99344
99341
99299
99215
99028
98988
98932
98920
98839
98654
98588
98518
98487
98342
98338
98006
97865
97856
97826
97806
97777
97574
97555
97515
97398
97357
97288
97178
97154
97123
97043
97013
96997
96954
96946
96878
96838
96768
96581
96449
96424
96415
96392
96389
96362
96360
96275
96157
96027
96012
95992
95901
95795
95659
95657
95649
95577
95568
95534
95521
95485
95451
95407
95327
95289
95285
95276
95236
95197
95021
94946
94930
94920
94906
94894
94779
94659
94658
94613
94612
94415
94381
94302
94258
94202
94111
94077
94012
93972
93966
93894
93890
93856
93773
93703
93700
93688
93632
93585
93564
93506
93473
93345
93261
93252
93231
93186
93165
93138
92981
92945
92930
92841
92803
92791
92774
92727
92669
92547
92428
92371
92362
92274
92268
92112
92077
92048
92041
91977
91915
91908
91871
91840
91790
91746
91702
91686
91653
91533
91524
91412
91393
91341
91109
91064
91048
91027
90987
90984
90965
90952
90899
90858
90791
90703
90573
90462
90425
90394
90388
90369
90315
90128
90062
90010
89985
89928
89872
89850
89839
89836
89790
89745
89713
89693
89619
89603
89589
89550
89493
89453
89443
89300
89297
89294
89205
89200
89173
89127
88964
88793
88755
88699
88646
88603
88498
88439
88417
88398
88397
88365
88345
88316
88300
88268
88266
88249
88195
88115
88048
88042
88018
87803
87598
87577
87576
87531
87530
87505
87468
87178
87170
87107
87047
87035
87023
86993
86983
86961
86954
86940
86852
86850
86720
86665
86636
86632
86615
86397
86275
86260
86189
86189
86162
86086
86040
85918
85914
85906
85892
85841
85840
85811
85673
85646
85626
85625
85457
85423
85315
85312
85282
85177
85158
85143
85142
85141
85089
85088
85054
85044
85035
84945
84789
84576
84530
84406
84364
84332
84319
84204
84199
84001
83988
83923
83709
83637
83610
83592
83568
83508
83505
83415
83346
83315
83308
83264
83263
83236
83214
83177
83146
83127
83085
83059
83042
82966
82919
82886
82841
82810
82778
82755
82562
82409
82399
82363
82352
82341
82307
82251
82206
82112
81889
81665
81662
81563
81502
81488
81474
81457
81414
81411
81402
81362
81350
81342
81318
81306
81306
81255
81189
81169
81093
81089
81042
80916
80882
80880
80809
80807
80782
80672
80668
80620
80617
80607
80607
80562
80543
80508
80377
80331
80200
80149
80060
80040
80038
79909
79892
79766
79659
79648
79606
79520
79502
79386
79355
79337
79263
79210
79159
79120
78972
78964
78925
78909
78903
78814
78763
78749
78712
78673
78624
78619
78607
78594
78587
78548
78516
78409
78306
78281
78276
78232
78219
78065
77997
77984
77941
77911
77825
77752
77735
77686
77420
77413
77408
77359
77241
77229
77193
77094
77031
77028
77011
76964
76956
76888
76888
76872
76787
76701
76682
76665
76646
76644
76586
76541
76474
76376
76363
76341
76269
76228
76210
76208
76117
76071
75994
75933
75897
75858
75749
75672
75661
75561
75543
75541
75474
75413
75372
75362
75299
75280
75273
74997
74977
74968
74920
74868
74794
74693
74531
74392
74334
74313
74297
74294
74230
74136
74085
74082
74063
73957
73952
73949
73947
73937
73890
73808
73787
73419
73394
73305
73301
73275
73235
73225
73167
73142
73126
73126
73117
72998
72827
72813
72809
72768
72715
72666
72653
72610
72600
72545
72533
72514
72456
72400
72387
72299
72269
72259
72231
72175
72173
72121
71793
71773
71746
71710
71705
71554
71419
71373
71257
71224
71191
71076
71065
71053
71013
70872
70780
70728
70725
70702
70656
70630
70533
70474
70469
70419
70319
70306
70306
70296
70229
70205
70149
70132
70017
70006
69918
69894
69856
69852
69834
69827
69750
69680
69653
69589
69436
69426
69393
69344
69263
69250
69235
69169
69033
68907
68883
68872
68869
68801
68785
68659
68638
68606
68499
68405
68350
68339
68275
68160
68138
68116
68113
68094
68066
68050
67965
67904
67893
67877
67866
67839
67746
67734
67661
67589
67441
67301
67273
67233
67056
67042
67017
66998
66892
66865
66835
66809
66745
66720
66685
66655
66645
66592
66268
66249
66158
66091
66064
66059
65990
65883
65875
65852
65832
65763
65760
65738
65655
65652
65604
65554
65528
65496
65447
65401
65386
65338
65310
65252
65206
65157
65148
65077
65052
64906
64898
64830
64745
64720
64710
64709
64557
64333
64298
64284
64236
64209
64183
64152
64152
64105
63932
63909
63894
63877
63768
63689
63579
63565
63251
63239
63224
63145
63056
62961
62827
62793
62772
62664
62623
62575
62571
62525
62486
62481
62359
62271
62195
62179
62169
62168
62161
61971
61952
61883
61778
61771
61713
61686
61646
61644
61639
61636
61634
61632
61598
61534
61521
61520
61456
61454
61337
61273
61257
61098
60991
60966
60896
60787
60719
60710
60533
60457
60450
60449
60410
60387
60254
60253
60137
60068
60052
60021
60018
59921
59876
59821
59734
59714
59575
59532
59526
59460
59443
59401
59394
59394
59289
59234
59188
59112
59046
59030
58956
58946
58933
58879
58868
58859
58796
58784
58697
58665
58512
58467
58457
58435
58412
58379
58251
58218
58037
57997
57943
57923
57845
57805
57737
57636
57627
57582
57500
57496
57492
57401
57379
57277
57125
57096
57083
57036
57009
56936
56927
56782
56760
56738
56669
56648
56632
56613
56588
56579
56576
56550
56538
56474
56474
56448
56431
56427
56400
56361
56335
56308
56208
56183
56083
56074
56069
55979
55934
55925
55872
55861
55756
55729
55709
55575
55416
55405
55402
55394
55377
55340
55337
55312
55218
55198
55143
54986
54893
54827
54799
54752
54645
54565
54531
54516
54467
54461
54430
54416
54397
54195
54176
54130
54057
54029
54000
53891
53576
53376
53253
53230
53223
53166
53146
53068
53014
53007
52906
52898
52850
52802
52797
52760
52725
52698
52682
52616
52594
52572
52549
52452
52387
52360
52318
52208
52092
52080
51884
51788
51748
51700
51655
51637
51557
51352
51349
51222
51151
51125
51098
51062
51054
50949
50905
50877
50860
50857
50811
50809
50651
50640
50588
50562
50542
50511
50487
50468
50455
50289
50285
50232
50220
50207
50116
50030
50030
50021
49930
49892
49876
49874
49865
49766
49709
49697
49643
49640
49629
49553
49535
49441
49370
49356
49349
49339
49226
49035
49013
49008
48954
48645
48570
48547
48501
48447
48432
48370
48331
48300
48235
48187
48008
47977
47901
47895
47883
47794
47777
47744
47704
47668
47556
47522
47516
47387
47238
47205
47148
47021
47000
46947
46943
46916
46896
46891
46862
46813
46812
46754
46708
46542
46305
46280
46133
46066
45996
45947
45938
45834
45774
45660
45586
45547
45533
45436
45296
45292
45236
45191
45186
45143
45074
44976
44940
44933
44883
44868
44845
44830
44643
44620
44575
44558
44468
44448
44370
44144
44109
44092
44066
44057
44053
44016
44007
43965
43894
43879
43795
43708
43706
43681
43621
43503
43476
43426
43233
43199
43069
43035
42938
42868
42826
42766
42694
42674
42479
42463
42451
42425
42358
42332
42296
42285
42282
42244
42185
42142
42128
42061
42045
41989
41965
41815
41808
41777
41712
41593
41581
41571
41527
41511
41462
41382
41281
41238
41233
41230
41141
41140
41071
41034
41017
41009
40927
40900
40801
40743
40697
40678
40604
40556
40528
40517
40492
40483
40480
40463
40462
40456
40437
40422
40376
40255
40250
40153
40040
40018
39972
39969
39951
39950
39929
39926
39799
39794
39766
39762
39725
39591
39539
39452
39445
39406
39357
39325
39299
39271
39264
39246
39055
39024
38965
38861
38855
38801
38796
38774
38763
38726
38718
38597
38489
38483
38461
38305
38281
38227
38214
38145
38069
38056
38046
38009
37952
37888
37810
37801
37755
37663
37600
37587
37584
37555
37392
37307
37192
37186
37150
37150
37149
37027
36957
36917
36897
36860
36850
36810
36771
36711
36692
36636
36513
36446
36393
36358
36325
36264
36212
36208
36122
36062
36051
36022
35982
35962
35767
35697
35686
35564
35545
35540
35509
35174
35109
35070
35056
35034
35031
34871
34850
34788
34719
34690
34599
34592
34588
34573
34568
34548
34516
34483
34458
34404
34375
34345
34328
34275
34257
34220
34185
34142
34141
34124
34074
33973
33949
33913
33905
33901
33879
33848
33800
33800
33710
33429
33360
33345
33343
33314
33298
33286
33149
33144
33131
33109
33092
32941
32925
32915
32906
32853
32851
32816
32727
32715
32703
32586
32585
32574
32513
32498
32454
32354
32239
32215
32186
32151
32140
32135
32084
32083
31990
31959
31835
31718
31679
31653
31650
31618
31560
31506
31341
31297
31293
31251
31184
31144
31049
31040
31017
30940
30901
30846
30833
30825
30818
30774
30763
30755
30753
30742
30685
30674
30567
30549
30433
30404
30345
30296
30193
30173
30098
30093
30028
29971
29968
29963
29917
29909
29704
29641
29640
29598
29591
29589
29491
29464
29395
29314
29273
29212
29161
29039
29021
28969
28864
28855
28754
28744
28731
28723
28704
28697
28540
28296
28293
28281
28262
28257
28226
28214
28188
28132
28044
27895
27803
27761
27759
27695
27667
27580
27537
27470
27412
27376
27376
27375
27222
27140
27105
27103
27079
27025
26994
26951
26923
26905
26880
26850
26739
26732
26714
26687
26545
26535
26518
26507
26473
26446
26431
26428
26194
26186
26162
26107
26099
26096
25978
25871
25849
25800
25740
25667
25662
25648
25430
25375
25373
25197
25126
25009
24909
24741
24721
24644
24640
24521
24495
24459
24453
24431
24426
24425
24413
24385
24372
24360
24341
24263
24190
24188
24179
24130
24070
24042
24025
23990
23968
23954
23929
23899
23880
23879
23829
23753
23717
23694
23654
23613
23487
23442
23407
23390
23357
23301
23212
23177
23159
23133
23092
23056
22996
22932
22856
22805
22606
22514
22508
22455
22382
22361
22243
22149
22044
22001
21981
21926
21913
21812
21768
21764
21725
21667
21512
21482
21414
21410
21374
21369
21296
21268
21257
21213
21208
21172
21080
21032
21031
21008
20921
20896
20866
20841
20838
20734
20732
20671
20661
20587
20585
20562
20502
20425
20332
20326
20325
20312
20270
20267
20229
20082
20033
19995
19984
19940
19923
19920
19919
19907
19894
19822
19778
19724
19705
19682
19649
19643
19598
19585
19571
19529
19496
19477
19471
19458
19437
19324
19309
19231
19088
18948
18903
18878
18709
18659
18626
18527
18515
18428
18404
18392
18388
18371
18334
18302
18295
18229
18171
18119
18099
18084
17909
17900
17896
17857
17677
17639
17638
17628
17582
17573
17399
17385
17179
17089
17074
17032
16999
16875
16835
16775
16735
16699
16649
16624
16525
16443
16413
16362
16327
16229
16213
16202
16147
16143
16104
16087
15970
15948
15903
15859
15757
15721
15679
15582
15350
15341
15227
15203
15186
15115
15098
15035
15025
14988
14924
14891
14886
14870
14854
14847
14764
14763
14742
14741
14675
14634
14595
14503
14499
14459
14456
14454
14405
14401
14361
14297
14183
14145
14114
14059
14001
13922
13886
13793
13779
13718
13701
13608
13571
13507
13465
13460
13391
13380
13367
13358
13308
13170
13163
13147
13139
13123
13072
13007
13000
12920
12865
12760
12729
12715
12708
12649
12569
12553
12541
12527
12474
12395
12352
12345
12284
12184
12109
12102
12014
11931
11918
11908
11820
11791
11785
11693
11621
11621
11609
11552
11547
11542
11376
11369
11316
11307
11059
11041
11008
11004
10889
10882
10881
10690
10666
10634
10536
10522
10515
10507
10448
10305
10257
10249
10240
10228
10226
10125
10116
10071
10053
10015
9821
9791
9776
9709
9697
9655
9496
9493
9326
9243
9205
9180
9170
9033
9012
9000
8947
8945
8940
8849
8781
8719
8703
8682
8639
8628
8613
8531
8513
8444
8428
8407
8395
8223
8178
8160
8096
8093
8043
8034
7949
7937
7913
7913
7908
7904
7890
7886
7877
7766
7595
7591
7583
7581
7578
7530
7491
7384
7308
7287
7223
7126
7093
7079
7015
6992
6982
6973
6950
6906
6802
6706
6663
6651
6639
6637
6431
6431
6334
6258
6233
6215
6006
5989
5970
5924
5830
5788
5685
5503
5480
5414
5401
5306
5277
5240
5176
5125
5072
5070
4950
4942
4935
4805
4775
4762
4620
4619
4608
4560
4557
4553
4450
4364
4327
4317
4274
4262
4247
4194
4087
4083
4005
3965
3944
3915
3865
3843
3776
3733
3590
3570
3527
3507
3442
3419
3407
3385
3314
3283
3274
3222
3218
3177
3172
3010
2935
2838
2814
2750
2693
2683
2605
2594
2583
2522
2481
2445
2414
2326
2171
2148
2127
1956
1911
1876
1857
1837
1834
1796
1685
1633
1619
1573
1533
1510
1383
1344
1276
1271
1128
1098
824
762
739
730
717
644
622
599
584
580
538
529
492
479
477
422
268
156
136
127
100
53
42
