5000
99989
99985
99980
99967
99965
99914
99867
99855
99855
99786
99772
99768
99761
99758
99754
99745
99661
99659
99645
99623
99614
99594
99560
99533
99516
99494
99468
99467
99460
99435
99418
99415
99406
99403
99371
99359
99355
99353
99344
99336
99290
99264
99261
99260
99213
99206
99190
99159
99159
99142
99139
99102
99102
99091
99085
99079
99015
99010
98999
98923
98891
98872
98845
98835
98814
98805
98753
98749
98678
98668
98640
98610
98598
98574
98572
98565
98542
98517
98480
98469
98466
98463
98403
98399
98398
98395
98359
98349
98305
98254
98232
98210
98164
98137
98128
98124
98115
98097
98027
98023
97998
97992
97978
97932
97919
97856
97821
97792
97783
97773
97703
97667
97637
97604
97595
97594
97592
97585
97581
97573
97572
97566
97555
97554
97544
97530
97513
97477
97476
97427
97407
97392
97361
97354
97318
97306
97277
97276
97276
97270
97252
97246
97220
97217
97195
97160
97154
97151
97147
97111
97100
97090
97084
97048
97027
97000
96964
96889
96843
96835
96800
96797
96794
96784
96777
96759
96724
96708
96705
96697
96679
96668
96620
96609
96581
96573
96565
96550
96533
96502
96479
96459
96457
96382
96369
96365
96347
96333
96331
96300
96294
96276
96234
96221
96187
96184
96183
96145
96121
96096
96065
96064
96014
95997
95979
95952
95921
95906
95880
95874
95862
95852
95824
95808
95807
95806
95782
95760
95750
95737
95688
95683
95677
95655
95606
95563
95554
95521
95508
95483
95473
95473
95438
95428
95412
95407
95405
95396
95387
95385
95336
95335
95259
95249
95228
95205
95205
95189
95153
95132
95125
95108
95097
95074
95030
95024
95002
94978
94974
94958
94951
94948
94921
94917
94875
94831
94777
94754
94753
94743
94715
94667
94665
94664
94647
94639
94620
94611
94609
94605
94591
94582
94581
94571
94502
94459
94426
94398
94381
94370
94365
94342
94339
94324
94285
94275
94254
94197
94185
94161
94115
94102
94074
94060
94019
93997
93931
93931
93905
93905
93881
93830
93808
93802
93799
93784
93755
93742
93704
93701
93698
93698
93693
93680
93664
93628
93622
93549
93548
93539
93529
93520
93466
93462
93429
93428
93407
93392
93391
93357
93319
93316
93307
93289
93243
93226
93224
93200
93178
93158
93143
93141
93139
93091
93053
93039
93000
92963
92913
92864
92836
92827
92808
92760
92756
92741
92711
92692
92688
92669
92668
92660
92642
92641
92638
92570
92560
92517
92507
92503
92487
92456
92448
92425
92418
92355
92325
92288
92233
92230
92225
92179
92159
92118
92118
92100
92074
92059
92059
92042
92041
92015
92012
91944
91931
91875
91865
91760
91746
91734
91721
91714
91694
91685
91639
91561
91552
91550
91543
91530
91510
91503
91318
91317
91296
91282
91225
91172
91152
91150
91118
91095
91067
91018
91015
90999
90984
90962
90955
90953
90941
90908
90892
90870
90869
90825
90793
90791
90772
90760
90715
90704
90692
90646
90624
90622
90580
90578
90567
90566
90526
90523
90502
90498
90441
90433
90420
90418
90405
90404
90387
90384
90384
90380
90349
90330
90231
90207
90171
90141
90079
90075
90069
90067
90063
90049
90044
90013
89998
89994
89986
89978
89944
89934
89908
89882
89843
89813
89800
89781
89779
89767
89662
89634
89627
89622
89596
89556
89514
89505
89481
89471
89431
89391
89383
89381
89360
89354
89342
89321
89295
89283
89282
89238
89219
89216
89172
89128
89110
89089
89083
89054
89049
89046
89024
88978
88978
88937
88925
88919
88896
88878
88865
88851
88847
88846
88840
88816
88803
88791
88773
88765
88760
88741
88713
88709
88708
88642
88638
88609
88590
88580
88564
88562
88548
88544
88539
88538
88533
88499
88470
88441
88401
88345
88334
88329
88293
88291
88279
88275
88259
88258
88251
88239
88188
88181
88148
88130
88102
88067
88049
88046
88037
88037
88020
88006
88000
87869
87858
87843
87820
87820
87777
87754
87744
87703
87697
87697
87691
87671
87641
87622
87616
87609
87600
87597
87534
87529
87523
87518
87452
87440
87434
87406
87404
87403
87381
87357
87340
87311
87262
87202
87191
87184
87180
87167
87166
87149
87146
87141
87125
87097
87093
87074
87013
87007
86986
86971
86959
86956
86926
86922
86883
86795
86792
86772
86698
86692
86668
86653
86618
86586
86585
86571
86490
86484
86446
86429
86399
86369
86349
86346
86345
86334
86303
86283
86269
86266
86254
86246
86197
86195
86182
86163
86130
86122
86102
86086
86059
86035
85981
85949
85915
85903
85889
85881
85857
85841
85824
85822
85822
85802
85786
85775
85758
85755
85710
85709
85698
85672
85663
85655
85644
85643
85620
85599
85578
85529
85516
85513
85499
85472
85407
85407
85370
85323
85322
85312
85288
85269
85261
85194
85191
85138
85130
85127
85113
85067
85064
85061
85046
85039
85011
84977
84976
84955
84949
84908
84892
84875
84844
84820
84776
84773
84772
84769
84755
84750
84742
84684
84678
84666
84664
84662
84633
84612
84588
84554
84541
84531
84522
84517
84479
84473
84458
84421
84404
84370
84285
84203
84201
84199
84180
84157
84124
84094
84071
84066
84038
84029
84012
83999
83995
83937
83933
83932
83912
83907
83873
83811
83799
83783
83774
83748
83746
83721
83716
83662
83658
83636
83620
83593
83573
83553
83520
83514
83505
83491
83484
83482
83476
83393
83369
83355
83342
83328
83316
83315
83233
83204
83186
83130
83125
83121
83108
83084
83076
83067
83050
83039
82989
82984
82982
82977
82976
82953
82952
82912
82885
82847
82844
82817
82750
82732
82727
82722
82693
82678
82664
82654
82629
82624
82598
82584
82576
82564
82535
82486
82445
82440
82423
82387
82375
82368
82353
82348
82341
82220
82166
82154
82133
82122
82050
82035
82032
81976
81959
81951
81919
81901
81893
81875
81872
81820
81813
81791
81776
81743
81733
81726
81716
81712
81690
81654
81640
81613
81613
81606
81603
81592
81578
81575
81556
81555
81550
81523
81511
81493
81488
81474
81465
81416
81396
81391
81378
81363
81354
81305
81285
81272
81267
81226
81183
81166
81150
81090
81069
81066
81059
81042
81032
81032
81025
80976
80976
80963
80930
80913
80896
80895
80864
80842
80841
80806
80760
80752
80720
80709
80696
80688
80678
80662
80647
80633
80621
80611
80605
80595
80535
80530
80479
80459
80449
80448
80445
80442
80418
80416
80415
80403
80330
80308
80274
80240
80231
80206
80188
80148
80143
80140
80093
80092
80046
80017
80015
80003
79948
79929
79916
79898
79880
79873
79848
79827
79822
79811
79801
79787
79787
79715
79711
79683
79666
79597
79578
79578
79571
79548
79547
79523
79519
79491
79490
79456
79446
79445
79442
79414
79330
79326
79265
79233
79217
79198
79193
79169
79164
79164
79146
79120
79116
79099
79094
79080
79055
79045
79017
79009
79004
78963
78954
78921
78902
78888
78866
78859
78853
78848
78842
78828
78814
78812
78722
78708
78705
78703
78679
78651
78569
78565
78554
78544
78532
78498
78493
78492
78486
78486
78474
78442
78436
78435
78391
78361
78351
78310
78306
78300
78210
78156
78154
78146
78135
78135
78110
78070
78069
78063
78057
78054
77997
77987
77975
77971
77937
77922
77909
77855
77811
77807
77805
77801
77760
77754
77747
77746
77732
77729
77728
77720
77718
77707
77707
77691
77690
77689
77670
77656
77653
77609
77558
77533
77530
77485
77485
77476
77472
77436
77429
77428
77424
77406
77370
77364
77351
77342
77316
77305
77302
77245
77233
77203
77197
77185
77178
77147
77143
77103
77089
77083
77071
77001
76995
76977
76966
76957
76935
76927
76902
76898
76890
76883
76859
76855
76820
76813
76789
76729
76714
76712
76706
76694
76612
76608
76599
76577
76557
76549
76549
76486
76485
76448
76446
76419
76388
76387
76373
76372
76372
76316
76306
76304
76293
76276
76263
76204
76142
76132
76127
76110
76104
76089
76035
76010
76008
75979
75963
75950
75947
75939
75897
75867
75862
75858
75852
75833
75806
75787
75780
75768
75768
75722
75697
75681
75667
75591
75579
75559
75555
75547
75546
75542
75513
75509
75475
75448
75447
75399
75351
75347
75341
75340
75319
75305
75292
75233
75231
75214
75204
75164
75154
75149
75138
75104
75046
74977
74972
74969
74946
74937
74930
74913
74894
74815
74747
74725
74703
74685
74678
74667
74661
74630
74587
74514
74508
74494
74472
74440
74407
74404
74393
74390
74358
74358
74357
74319
74303
74293
74285
74267
74228
74228
74219
74215
74200
74184
74181
74152
74151
74140
74108
74097
74087
74052
74046
74037
74037
74035
74026
74016
73959
73939
73912
73882
73876
73859
73851
73822
73822
73819
73736
73717
73696
73658
73640
73576
73566
73558
73553
73543
73529
73521
73494
73486
73450
73443
73432
73428
73416
73408
73398
73387
73364
73328
73318
73292
73290
73289
73254
73238
73232
73228
73195
73184
73154
73132
73094
73068
73003
72997
72983
72975
72960
72959
72955
72875
72873
72861
72846
72843
72831
72829
72822
72812
72796
72794
72792
72790
72749
72739
72718
72704
72687
72679
72673
72668
72659
72609
72596
72535
72523
72515
72495
72448
72445
72431
72421
72412
72366
72316
72276
72266
72263
72245
72207
72201
72196
72196
72188
72170
72160
72155
72154
72148
72141
72104
72103
72097
72090
72058
72056
72052
72020
71979
71978
71977
71924
71907
71883
71881
71819
71819
71817
71737
71737
71715
71708
71706
71651
71646
71644
71635
71621
71617
71616
71599
71563
71562
71550
71549
71542
71532
71532
71496
71495
71458
71440
71437
71426
71425
71422
71421
71415
71289
71227
71191
71121
71117
71086
71058
71021
70957
70937
70925
70877
70868
70842
70765
70765
70746
70743
70738
70713
70711
70675
70656
70644
70642
70641
70619
70587
70575
70573
70571
70565
70563
70555
70536
70492
70430
70424
70405
70395
70364
70341
70303
70297
70283
70252
70235
70197
70194
70163
70155
70151
70133
70104
70072
70015
70008
70002
69984
69976
69968
69929
69911
69902
69850
69784
69679
69677
69645
69637
69591
69576
69558
69554
69542
69525
69521
69513
69508
69508
69492
69486
69485
69478
69443
69432
69392
69367
69357
69252
69226
69223
69214
69210
69196
69183
69155
69151
69142
69106
69101
69058
69009
68945
68927
68905
68848
68838
68830
68822
68807
68782
68767
68721
68680
68671
68639
68595
68594
68512
68477
68426
68401
68379
68365
68359
68356
68322
68313
68312
68312
68245
68235
68231
68211
68210
68173
68170
68157
68156
68147
68140
68139
68075
68040
68038
68016
67989
67986
67956
67949
67916
67887
67809
67809
67795
67781
67770
67722
67719
67690
67688
67674
67673
67662
67615
67597
67570
67559
67542
67461
67401
67399
67344
67341
67282
67226
67226
67226
67201
67170
67151
67126
67086
67043
67032
66984
66978
66973
66972
66964
66919
66874
66863
66852
66845
66839
66805
66804
66790
66785
66706
66688
66680
66672
66632
66585
66563
66560
66519
66501
66495
66473
66462
66451
66447
66426
66424
66412
66411
66384
66383
66363
66354
66329
66309
66304
66302
66300
66262
66227
66224
66176
66170
66167
66134
66108
66107
66107
66071
66041
66027
66018
65982
65958
65927
65909
65861
65849
65844
65830
65830
65825
65824
65809
65767
65738
65731
65721
65709
65687
65684
65683
65634
65630
65624
65602
65594
65578
65571
65553
65523
65485
65479
65441
65440
65424
65414
65367
65350
65337
65279
65233
65201
65200
65148
65118
65076
65074
65067
65032
64995
64977
64924
64915
64864
64857
64768
64743
64697
64680
64671
64655
64639
64606
64568
64563
64561
64558
64472
64432
64423
64412
64392
64390
64373
64367
64336
64323
64323
64259
64253
64232
64229
64221
64196
64171
64167
64125
64099
64089
64050
64047
64041
63975
63952
63938
63935
63905
63888
63874
63859
63854
63846
63844
63840
63834
63780
63775
63759
63751
63734
63710
63676
63651
63639
63633
63618
63599
63593
63592
63586
63583
63572
63564
63545
63541
63535
63514
63509
63508
63473
63467
63463
63446
63440
63419
63336
63315
63314
63305
63298
63280
63269
63267
63239
63221
63148
63079
63066
63041
63037
63031
62973
62956
62945
62929
62908
62902
62895
62890
62854
62848
62796
62792
62787
62780
62764
62749
62737
62697
62680
62671
62639
62630
62630
62609
62599
62596
62583
62546
62522
62521
62510
62504
62503
62485
62423
62417
62400
62400
62373
62356
62355
62347
62328
62325
62323
62288
62252
62240
62215
62122
62065
62061
62046
62031
62015
61990
61975
61971
61969
61958
61922
61921
61904
61904
61899
61881
61858
61854
61833
61801
61795
61765
61723
61680
61662
61658
61629
61611
61608
61585
61570
61557
61534
61531
61515
61490
61461
61442
61442
61433
61410
61402
61335
61213
61196
61196
61164
61126
61122
61107
61100
61047
61047
61043
61025
61019
61015
60977
60927
60916
60902
60890
60832
60831
60820
60797
60771
60768
60749
60713
60703
60684
60663
60661
60657
60644
60601
60593
60546
60532
60422
60342
60322
60316
60303
60269
60268
60207
60205
60184
60182
60178
60168
60119
60105
60102
60095
60063
59971
59936
59869
59814
59812
59805
59768
59756
59751
59750
59737
59707
59695
59682
59666
59626
59615
59572
59465
59439
59435
59413
59405
59382
59371
59370
59336
59329
59302
59302
59264
59241
59178
59173
59159
59117
59115
59099
59089
59061
59043
59029
59008
58999
58992
58991
58981
58968
58940
58817
58814
58782
58782
58762
58757
58743
58727
58727
58712
58695
58671
58649
58644
58637
58626
58606
58578
58572
58542
58533
58492
58491
58475
58459
58453
58448
58439
58415
58393
58388
58384
58365
58356
58334
58311
58279
58267
58261
58230
58230
58190
58186
58175
58100
58072
58049
58047
58035
58011
57998
57945
57933
57930
57923
57922
57899
57879
57875
57867
57793
57728
57717
57708
57707
57694
57678
57641
57596
57549
57534
57526
57489
57469
57467
57431
57400
57377
57372
57347
57311
57304
57258
57244
57242
57192
57154
57141
57084
57061
57059
57026
56978
56977
56965
56957
56934
56868
56864
56845
56819
56797
56780
56767
56758
56638
56619
56582
56569
56558
56524
56485
56481
56479
56473
56418
56398
56396
56391
56341
56326
56303
56247
56239
56189
56180
56173
56150
56138
56138
56127
56075
56072
56047
56037
56021
56000
55994
55987
55979
55976
55960
55948
55927
55830
55816
55802
55778
55777
55762
55753
55731
55704
55703
55684
55670
55660
55618
55604
55593
55560
55558
55557
55524
55523
55509
55487
55449
55445
55354
55346
55322
55320
55259
55253
55206
55167
55112
55044
55040
55033
55016
54980
54975
54966
54962
54945
54924
54904
54903
54890
54856
54840
54799
54780
54778
54744
54739
54690
54689
54675
54673
54584
54572
54563
54542
54528
54509
54507
54500
54495
54490
54480
54473
54468
54425
54421
54373
54363
54331
54314
54306
54305
54292
54277
54273
54273
54223
54216
54205
54204
54177
54171
54153
54135
54113
54110
54081
54039
53979
53979
53964
53938
53922
53884
53884
53880
53875
53863
53862
53851
53843
53824
53805
53787
53782
53763
53722
53712
53689
53657
53641
53604
53574
53574
53520
53513
53508
53493
53493
53485
53476
53474
53465
53464
53462
53452
53447
53425
53415
53395
53390
53366
53364
53363
53352
53344
53313
53290
53226
53225
53186
53131
53123
53122
53116
53101
53100
53089
53081
53075
53071
53022
53017
53011
53001
52981
52970
52921
52843
52822
52798
52754
52734
52694
52648
52646
52617
52616
52614
52575
52546
52485
52447
52434
52391
52362
52349
52334
52314
52301
52283
52248
52211
52147
52137
52118
52085
52035
52012
52003
51979
51959
51948
51936
51932
51911
51889
51888
51859
51850
51845
51804
51788
51769
51766
51731
51717
51717
51713
51712
51683
51660
51656
51644
51634
51622
51614
51606
51603
51572
51558
51492
51484
51475
51452
51439
51431
51405
51375
51354
51329
51249
51248
51244
51211
51168
51126
51113
51103
51094
51081
51054
51038
51033
50999
50972
50969
50962
50952
50904
50878
50855
50849
50817
50812
50789
50781
50774
50716
50691
50690
50677
50663
50644
50631
50629
50628
50627
50624
50610
50556
50547
50542
50526
50518
50399
50383
50381
50380
50358
50323
50319
50284
50219
50215
50189
50186
50167
50157
50153
50137
50131
50125
50097
50033
50022
49994
49993
49970
49965
49952
49916
49899
49896
49890
49873
49844
49823
49808
49785
49780
49774
49771
49755
49741
49726
49714
49705
49699
49693
49691
49684
49650
49619
49615
49598
49497
49491
49485
49477
49409
49383
49315
49281
49275
49269
49261
49168
49148
49134
49128
49127
49059
49042
49001
48990
48943
48938
48918
48900
48892
48877
48873
48858
48812
48794
48793
48771
48760
48748
48737
48723
48714
48711
48707
48702
48687
48657
48642
48612
48611
48603
48583
48507
48469
48453
48452
48447
48444
48442
48430
48428
48422
48415
48395
48376
48374
48339
48332
48261
48259
48207
48207
48198
48080
48069
48044
48038
48024
48018
48016
48006
47984
47951
47949
47947
47943
47934
47861
47856
47829
47798
47795
47788
47748
47743
47709
47683
47672
47654
47632
47627
47607
47594
47590
47586
47570
47550
47547
47542
47533
47524
47470
47458
47453
47413
47388
47363
47361
47332
47293
47288
47261
47244
47237
47171
47165
47157
47154
47154
47044
46946
46918
46907
46877
46831
46827
46780
46683
46682
46659
46608
46578
46570
46569
46568
46554
46545
46494
46477
46454
46438
46415
46415
46354
46342
46341
46297
46291
46284
46263
46262
46234
46207
46187
46186
46171
46169
46164
46123
46122
46103
46099
46090
46061
46041
46012
45995
45987
45956
45910
45895
45882
45865
45851
45840
45823
45747
45717
45689
45679
45673
45623
45618
45607
45599
45540
45532
45526
45499
45413
45411
45399
45395
45371
45355
45351
45348
45323
45314
45284
45262
45216
45214
45192
45109
45064
45020
45000
44957
44932
44920
44846
44831
44805
44795
44783
44783
44774
44763
44758
44732
44620
44616
44607
44606
44603
44597
44572
44534
44480
44474
44466
44463
44459
44428
44416
44342
44340
44287
44286
44284
44282
44217
44211
44155
44151
44125
44120
44113
44089
44074
44032
44010
44003
43985
43937
43932
43918
43896
43895
43894
43885
43862
43833
43780
43775
43765
43728
43701
43691
43665
43615
43589
43579
43546
43538
43527
43517
43511
43498
43486
43484
43463
43460
43399
43345
43330
43319
43317
43305
43260
43253
43196
43187
43170
43163
43157
43156
43142
43131
43107
43068
43064
43053
43026
43019
42976
42932
42910
42899
42897
42894
42866
42806
42796
42753
42746
42730
42727
42676
42665
42664
42663
42629
42626
42600
42554
42551
42539
42529
42528
42525
42524
42520
42505
42474
42456
42435
42426
42402
42384
42374
42372
42367
42361
42299
42297
42290
42255
42245
42186
42168
42167
42150
42137
42133
42110
42096
42083
42057
42054
41982
41933
41925
41918
41913
41878
41872
41866
41850
41848
41807
41799
41793
41775
41732
41690
41671
41655
41641
41615
41593
41563
41559
41524
41502
41498
41496
41481
41470
41469
41459
41450
41407
41363
41360
41341
41330
41298
41291
41277
41273
41268
41263
41244
41234
41232
41205
41202
41134
41088
41078
41078
41070
41052
41023
40909
40886
40845
40789
40789
40742
40723
40713
40711
40710
40710
40709
40703
40676
40674
40629
40629
40617
40614
40578
40576
40574
40538
40517
40504
40487
40483
40442
40424
40418
40410
40400
40396
40393
40390
40380
40376
40356
40323
40321
40298
40281
40253
40242
40204
40156
40091
40064
40039
40038
40026
40019
39999
39988
39988
39946
39945
39942
39934
39899
39893
39870
39816
39799
39762
39757
39728
39718
39712
39707
39702
39699
39660
39658
39646
39643
39635
39632
39621
39592
39585
39552
39542
39519
39491
39442
39433
39359
39347
39287
39274
39274
39263
39260
39241
39224
39206
39191
39180
39177
39155
39144
39123
39112
39102
39099
39076
39063
39011
39010
38982
38977
38819
38809
38766
38760
38755
38754
38750
38750
38749
38724
38720
38691
38671
38669
38669
38651
38634
38575
38565
38559
38557
38530
38507
38496
38493
38488
38483
38473
38437
38415
38413
38394
38387
38378
38373
38372
38352
38347
38310
38272
38258
38255
38225
38214
38191
38188
38175
38169
38156
38114
38110
38102
38091
38077
38071
38069
38058
38024
37955
37945
37932
37918
37908
37897
37895
37842
37807
37803
37781
37757
37751
37745
37743
37737
37698
37679
37677
37671
37637
37634
37618
37592
37557
37495
37469
37456
37452
37448
37427
37399
37375
37363
37319
37314
37259
37235
37160
37150
37144
37118
37086
37073
37073
37049
37037
37005
37000
36988
36949
36933
36923
36903
36879
36877
36877
36822
36763
36716
36714
36680
36669
36641
36621
36569
36562
36547
36523
36484
36481
36477
36373
36357
36341
36280
36269
36266
36220
36166
36150
36137
36128
36106
36086
36082
36058
36053
36017
35920
35848
35843
35823
35810
35799
35796
35783
35774
35732
35722
35709
35699
35680
35625
35620
35595
35578
35576
35572
35572
35558
35486
35480
35392
35367
35360
35311
35297
35252
35239
35207
35160
35089
35061
35049
35037
34956
34911
34888
34886
34841
34834
34813
34804
34794
34770
34725
34684
34665
34655
34644
34568
34568
34566
34563
34495
34449
34446
34408
34407
34346
34332
34288
34277
34242
34233
34229
34185
34148
34143
34142
34137
34128
34126
34065
34063
34042
34024
33999
33989
33961
33916
33916
33915
33914
33882
33877
33863
33807
33801
33756
33754
33742
33702
33689
33634
33619
33607
33587
33528
33524
33512
33494
33457
33406
33347
33336
33325
33249
33234
33222
33222
33222
33209
33192
33139
33137
33011
32986
32983
32975
32968
32957
32929
32914
32907
32897
32882
32836
32811
32804
32801
32755
32748
32747
32725
32713
32710
32694
32677
32656
32584
32533
32532
32523
32508
32451
32422
32367
32354
32353
32310
32302
32271
32267
32262
32255
32201
32167
32137
32118
32117
32088
32083
32070
32050
32049
32013
32006
32002
31980
31977
31959
31946
31901
31867
31842
31816
31778
31761
31759
31754
31741
31740
31723
31723
31723
31714
31690
31652
31640
31547
31539
31519
31490
31489
31479
31472
31447
31409
31392
31380
31360
31345
31342
31286
31284
31255
31225
31219
31196
31183
31161
31086
31057
31052
31017
30982
30975
30956
30926
30905
30898
30743
30735
30724
30724
30722
30708
30683
30670
30667
30663
30637
30583
30580
30567
30565
30552
30546
30511
30496
30473
30421
30421
30382
30371
30350
30344
30314
30285
30271
30263
30262
30236
30234
30229
30227
30217
30185
30176
30168
30154
30151
30126
30126
30055
30041
30019
30019
30012
29983
29973
29949
29889
29872
29861
29823
29815
29790
29756
29745
29730
29730
29699
29673
29664
29664
29654
29652
29641
29635
29621
29621
29610
29567
29550
29524
29460
29421
29376
29369
29333
29308
29301
29288
29261
29210
29166
29160
29156
29154
29141
29139
29128
29123
29106
29099
29087
29063
29051
28989
28904
28886
28846
28843
28804
28797
28784
28730
28724
28707
28694
28693
28657
28643
28638
28598
28585
28559
28539
28528
28523
28478
28468
28427
28415
28402
28394
28390
28371
28348
28347
28336
28326
28316
28311
28310
28308
28273
28238
28238
28173
28138
28134
28120
28066
28020
27989
27956
27940
27908
27905
27890
27878
27862
27849
27805
27769
27767
27745
27741
27732
27701
27684
27675
27670
27657
27645
27563
27551
27546
27530
27525
27510
27499
27416
27416
27405
27381
27376
27370
27362
27351
27339
27334
27321
27319
27306
27301
27270
27252
27228
27221
27216
27204
27197
27167
27152
27094
27083
27072
27053
27025
26991
26963
26958
26918
26891
26879
26828
26819
26807
26805
26802
26781
26771
26766
26753
26740
26684
26684
26653
26631
26618
26604
26535
26508
26499
26499
26491
26487
26485
26473
26438
26436
26424
26409
26406
26373
26371
26332
26330
26286
26199
26152
26140
26113
26112
26104
26100
26077
26073
26049
26009
25989
25982
25981
25958
25951
25930
25926
25917
25892
25868
25854
25838
25817
25809
25794
25771
25748
25748
25742
25719
25714
25687
25665
25665
25649
25648
25643
25536
25531
25519
25500
25499
25486
25477
25467
25448
25436
25411
25379
25337
25333
25328
25321
25315
25307
25262
25229
25218
25208
25205
25154
25149
25144
25130
25080
25079
25064
25052
25050
25041
25002
24964
24956
24949
24936
24927
24906
24903
24888
24856
24851
24825
24818
24808
24765
24735
24730
24714
24689
24685
24658
24649
24637
24578
24564
24558
24544
24541
24529
24521
24514
24493
24458
24440
24355
24350
24331
24322
24319
24260
24206
24167
24146
24145
24134
24132
24130
24118
24112
24090
24064
24042
24038
24031
23972
23955
23939
23931
23925
23915
23901
23889
23856
23851
23803
23789
23788
23781
23778
23776
23768
23759
23723
23722
23707
23679
23677
23641
23615
23566
23563
23557
23556
23550
23526
23508
23506
23478
23456
23424
23423
23423
23368
23368
23365
23342
23339
23315
23293
23281
23255
23228
23219
23219
23212
23171
23144
23113
23106
23068
23054
23029
23009
22951
22936
22875
22870
22859
22819
22814
22811
22756
22737
22733
22702
22699
22680
22664
22652
22617
22575
22514
22498
22473
22420
22375
22353
22353
22351
22348
22345
22314
22309
22306
22302
22299
22284
22235
22196
22149
22147
22145
22134
22128
22116
22084
22049
21987
21980
21958
21930
21877
21872
21867
21845
21833
21795
21792
21788
21760
21750
21670
21667
21627
21626
21599
21577
21564
21530
21497
21478
21476
21474
21460
21456
21456
21430
21341
21333
21325
21309
21307
21288
21283
21274
21270
21256
21255
21243
21195
21174
21166
21154
21152
21131
21124
21104
21085
21064
21042
20998
20946
20922
20900
20878
20865
20858
20839
20775
20772
20765
20765
20755
20685
20663
20637
20627
20597
20586
20544
20523
20486
20473
20466
20463
20451
20435
20403
20400
20360
20356
20350
20332
20318
20303
20300
20243
20209
20184
20181
20164
20162
20158
20156
20131
20111
20077
20057
20043
20005
20003
19980
19934
19885
19884
19883
19881
19839
19732
19724
19701
19678
19652
19627
19616
19614
19605
19575
19562
19547
19530
19527
19511
19488
19481
19479
19464
19437
19436
19435
19431
19416
19413
19401
19386
19383
19380
19366
19365
19355
19350
19315
19297
19274
19252
19252
19221
19207
19203
19158
19142
19138
19115
19111
18966
18942
18922
18909
18898
18870
18860
18799
18790
18777
18698
18681
18669
18653
18642
18534
18526
18516
18487
18484
18468
18422
18400
18389
18389
18350
18303
18271
18267
18245
18206
18204
18165
18159
18119
18074
18071
18057
18032
18024
18012
18004
17986
17985
17977
17959
17928
17924
17922
17919
17881
17867
17844
17827
17806
17762
17734
17724
17720
17713
17684
17605
17605
17598
17572
17557
17544
17532
17527
17523
17512
17471
17422
17391
17310
17309
17285
17255
17244
17211
17210
17160
17159
17156
17130
17084
17059
17049
17046
17015
17013
16987
16981
16978
16974
16973
16962
16940
16887
16876
16861
16810
16685
16675
16650
16616
16607
16596
16588
16583
16579
16572
16545
16537
16519
16516
16497
16475
16429
16428
16410
16404
16402
16348
16343
16319
16303
16290
16284
16275
16249
16247
16147
16098
16048
16031
16027
15963
15910
15909
15899
15890
15879
15876
15873
15847
15804
15776
15715
15666
15655
15650
15640
15622
15596
15589
15586
15542
15475
15461
15454
15444
15431
15429
15302
15302
15281
15279
15212
15184
15174
15153
15124
15104
15093
15087
15082
15044
14985
14973
14918
14918
14893
14891
14879
14860
14860
14809
14771
14764
14755
14735
14730
14717
14703
14674
14600
14598
14568
14503
14492
14491
14488
14482
14482
14454
14421
14421
14408
14407
14400
14386
14367
14355
14313
14297
14259
14256
14253
14238
14208
14199
14153
14082
14081
14077
14075
14037
14019
14001
13998
13994
13987
13975
13868
13857
13837
13796
13767
13765
13740
13722
13721
13702
13675
13670
13649
13631
13629
13624
13610
13592
13549
13515
13511
13497
13477
13461
13455
13445
13385
13370
13365
13358
13354
13341
13322
13293
13292
13289
13269
13256
13241
13236
13209
13185
13151
13134
13106
13096
13068
13066
13060
13057
13046
12899
12878
12865
12865
12864
12849
12783
12777
12758
12755
12719
12712
12705
12675
12630
12589
12582
12581
12578
12533
12523
12522
12497
12496
12476
12425
12416
12406
12395
12385
12360
12294
12293
12269
12238
12238
12229
12194
12159
12148
12144
12114
12087
12055
12052
12045
12004
11961
11941
11935
11916
11901
11878
11869
11866
11827
11802
11772
11764
11741
11740
11724
11664
11662
11662
11648
11643
11617
11608
11591
11549
11522
11484
11420
11375
11323
11301
11298
11281
11259
11243
11225
11219
11207
11203
11162
11162
11133
11124
11108
11095
11088
11073
11068
11048
11013
11004
10902
10871
10845
10836
10816
10808
10769
10766
10724
10669
10649
10631
10628
10593
10552
10535
10509
10472
10468
10460
10416
10409
10408
10401
10400
10396
10374
10374
10347
10330
10325
10298
10294
10292
10277
10258
10221
10131
10125
10122
10081
10059
10053
10045
9983
9976
9971
9964
9856
9851
9830
9776
9765
9744
9716
9712
9629
9624
9597
9585
9580
9579
9533
9527
9516
9482
9471
9462
9462
9451
9433
9431
9400
9391
9383
9305
9292
9268
9261
9238
9176
9150
9146
9134
9089
9079
9024
9013
8991
8979
8965
8940
8938
8918
8916
8878
8869
8849
8810
8800
8791
8773
8751
8747
8739
8718
8707
8678
8676
8669
8660
8577
8551
8527
8522
8503
8489
8484
8481
8428
8397
8394
8378
8374
8358
8350
8348
8347
8329
8328
8314
8309
8291
8262
8240
8219
8208
8177
8166
8157
8095
8066
8048
8003
8003
7982
7948
7947
7943
7912
7912
7895
7851
7848
7847
7845
7827
7786
7717
7667
7646
7633
7628
7614
7605
7592
7569
7478
7465
7440
7406
7396
7371
7364
7287
7265
7264
7236
7213
7192
7145
7138
7118
7105
7078
7070
7036
6987
6974
6947
6936
6933
6932
6874
6811
6804
6795
6785
6744
6713
6697
6657
6640
6638
6630
6625
6613
6613
6606
6596
6564
6555
6544
6537
6531
6529
6499
6474
6412
6407
6391
6370
6356
6356
6347
6299
6297
6291
6255
6233
6221
6185
6182
6174
6173
6170
6137
6117
6101
6077
6063
6047
6026
6018
6002
5995
5979
5967
5948
5932
5918
5896
5886
5885
5860
5853
5842
5819
5790
5756
5717
5708
5696
5693
5691
5689
5688
5662
5655
5646
5630
5627
5603
5597
5580
5576
5559
5526
5500
5500
5481
5480
5472
5471
5447
5420
5415
5413
5398
5385
5377
5376
5334
5330
5258
5243
5236
5225
5216
5200
5180
5165
5163
5157
5149
5100
5081
5078
5055
4939
4926
4922
4878
4862
4844
4834
4830
4818
4784
4777
4764
4763
4719
4717
4711
4653
4647
4630
4626
4624
4620
4570
4530
4517
4511
4442
4414
4402
4388
4365
4346
4339
4316
4272
4253
4238
4227
4190
4179
4177
4172
4167
4155
4127
4118
4100
4094
4075
4069
3949
3924
3923
3868
3834
3816
3812
3808
3797
3769
3752
3751
3723
3719
3713
3709
3702
3684
3645
3635
3628
3626
3617
3597
3593
3577
3528
3516
3479
3473
3452
3389
3383
3360
3332
3329
3323
3272
3195
3153
3142
2999
2961
2960
2956
2925
2913
2904
2851
2838
2823
2797
2791
2751
2739
2640
2596
2566
2546
2526
2514
2495
2463
2460
2434
2409
2393
2355
2354
2342
2320
2287
2287
2283
2280
2274
2266
2233
2227
2224
2221
2208
2180
2142
2091
2057
2056
2038
2027
1965
1941
1936
1912
1909
1903
1896
1849
1849
1805
1801
1797
1797
1792
1746
1710
1705
1686
1686
1668
1660
1639
1600
1586
1552
1535
1526
1525
1506
1483
1477
1411
1391
1390
1369
1304
1288
1273
1233
1231
1227
1113
1112
1069
1005
984
978
968
933
925
891
861
835
799
792
785
780
769
763
735
735
704
690
682
678
662
647
633
630
619
597
589
585
561
536
481
455
446
443
441
414
390
382
366
355
339
317
284
281
253
223
221
184
175
151
133
92
90
43
9
