500
99924
99732
99523
99252
98919
98898
98817
98757
98624
98426
98224
97788
97755
97300
96643
96027
95676
95581
95270
95140
95024
94859
94832
94710
94647
94390
94190
94168
94163
94162
94101
93878
93667
92695
92662
92543
91808
91714
91290
91238
91176
91089
90991
90653
90514
89918
89815
89447
89434
88574
88565
88198
87922
87889
87863
87739
87582
87559
87368
86953
86228
86054
85855
85847
85609
85473
85449
85226
85174
84995
84972
84801
84681
84678
84632
84295
83568
83148
83145
83098
83054
83029
82771
82767
82742
82335
82225
81927
81286
81238
80793
80388
80185
80119
79919
79842
79677
79276
79221
79004
78726
78549
78513
78061
77985
77836
77746
77734
77085
76887
76641
76462
76393
76359
76220
76063
75741
75396
75301
75041
74925
74834
74826
73744
73654
73646
73443
73352
73270
73162
73068
72944
72840
72670
72505
72304
72302
72129
71909
71691
71584
71546
71130
71087
70782
70514
70509
70382
70054
69815
69549
69355
69252
69205
69117
68710
68544
68480
67918
67829
67744
67452
67254
67225
66831
65942
65608
65548
65462
65435
65104
64608
64488
64382
64205
64125
63854
63477
63462
63405
63238
63093
63023
63019
62664
62547
62272
61762
61662
61528
61486
61198
61157
60693
60518
60486
60476
60390
60111
60059
59871
59122
59062
58668
58438
58246
58088
57230
56862
56614
56595
56501
56492
56475
56463
56268
56257
56227
55691
54955
54715
54533
54417
54398
54167
53955
53578
53430
53358
53325
53193
52759
52465
51960
51911
51784
51643
51452
51421
51378
51370
51354
51101
50648
50515
50489
50123
50046
49899
49833
49515
49492
49454
48895
48876
48684
48444
48050
47558
47436
47304
47262
47246
46474
46406
45988
45782
45751
45702
45198
45130
45021
44642
44562
44111
43462
43000
42934
42535
42251
42220
42192
41966
41915
41864
41714
41705
41625
41434
41395
40772
40441
40282
40201
40015
39883
39849
39693
39387
39292
39168
39115
38819
38795
38721
38549
38313
38270
37883
37505
37488
37436
37286
37236
37052
36777
36584
36445
36437
36302
36113
35873
35722
35551
35181
34688
34517
34294
34207
33677
33550
33466
33258
32993
32801
32706
32706
32585
32302
32278
32194
31784
31622
31618
31379
31333
30998
30937
30819
30338
30145
30107
29690
29425
29373
28782
28130
27805
27794
27251
27115
27062
26947
26938
26647
26160
26009
25930
25804
25762
25720
25540
25494
25330
25100
24432
24325
23700
23646
23496
23267
23039
22978
22931
22706
22407
22277
22270
22207
22085
21678
21398
21302
21204
20846
20556
20372
20243
20221
19978
19965
19869
19815
19729
19497
19447
18611
18398
18361
18258
17799
17797
17782
17349
17209
16955
16943
16754
16564
16450
15970
15812
15745
15411
15238
14845
14117
14001
13672
13546
13248
12751
12637
12103
11945
11891
11655
11423
10992
10880
10794
10403
10238
10207
9684
9650
9543
9538
9518
9355
9271
9156
9092
8813
8714
8382
8347
7904
7582
7297
7244
7075
7065
6956
6953
6763
6031
5911
5785
5765
5756
5627
5612
5460
5169
5024
4896
4893
4577
4344
4324
3886
3862
3519
3239
3145
3117
2876
2656
2644
2465
2351
1976
1896
1184
1112
611
490
471
148
