100
1860
2008
2321
2618
5729
7562
8547
12727
12777
13525
16496
19943
21719
22236
22728
23917
25287
25513
25858
26553
27296
27498
28357
30183
30656
32882
33881
34398
34635
35181
36176
36694
37332
37455
38429
38525
39787
41470
45089
45532
46359
48282
48879
49077
49900
50316
53133
53875
55661
56376
56778
57752
60825
62367
62833
64156
64568
64943
65335
67803
67950
68089
68112
68148
70657
71015
71079
72585
75642
75987
76390
76399
79760
81303
81327
81452
81999
82501
82714
83222
83943
84233
84326
85421
85920
86090
86284
86691
87079
88642
89557
93463
94408
94844
94900
95397
96390
97298
97991
98206
