1000
235
292
333
373
398
517
615
718
737
795
824
874
1013
1041
1138
1144
1149
1393
1436
1517
1519
1636
1641
1648
1691
1829
1899
1967
1983
2120
2279
2297
2312
2367
2440
3003
3101
3108
3109
3260
3388
3498
3539
3560
3576
3636
3691
3709
3814
3905
4085
4471
4493
4676
4797
4798
4968
4991
5051
5151
5263
5367
5440
5495
5554
5964
6002
6030
6034
6152
6196
6330
6357
6428
6547
6587
6741
6787
6799
6947
7072
7090
7199
7213
7233
7255
7414
7504
7889
8060
8186
8209
8265
8422
8445
8469
8600
8620
8772
8855
9138
9155
9216
9256
9261
9334
9336
9391
9550
9572
9654
9887
10165
10291
10374
10545
10580
10825
10878
10975
11069
11163
11351
11513
12211
12262
12316
12534
12621
12770
12797
12823
13033
13060
13388
13420
13457
13513
13644
13731
13781
13885
13906
13945
13980
14138
14220
14562
14781
14843
14982
15019
15025
15296
15417
15547
15636
15968
16057
16070
16201
16210
16223
16325
16353
16408
16465
16524
16533
16575
16658
16868
17056
17075
17103
17117
17270
17419
17463
17485
17634
17638
17657
17703
18007
18046
18081
18165
18170
18186
18579
18598
18811
18813
18814
18943
18998
19300
19305
19337
19417
19515
19598
19787
19914
19953
19958
20188
20230
20277
20283
20384
20393
20471
20581
20706
20812
20883
20891
20895
20935
21063
21107
21345
21417
21450
21560
21592
21820
22003
22090
22517
22785
22795
22932
22976
23118
23273
23323
23332
23443
23499
23514
23546
23939
24146
24273
24291
24358
24379
24557
24597
24668
24766
25148
25238
25434
25475
25898
26311
26327
26330
26385
26464
26644
26798
26801
26807
26974
27170
27302
27536
27623
27680
27862
27935
28105
28136
28144
28168
28171
28299
28306
28318
28339
28344
28381
28493
28601
28747
28863
28934
28965
28981
29131
29256
29270
29315
29410
29586
29638
29670
29812
29817
29817
29838
29997
30075
30101
30186
30297
30500
30579
30719
30734
30814
30855
31228
31298
31430
31620
31639
31731
31898
32065
32190
32194
32215
32224
32267
32406
32407
32408
32787
32853
32921
33168
33259
33287
33382
33472
33540
33634
33723
33750
33778
33936
34000
34046
34247
34311
34483
34538
34625
34977
35043
35119
35152
35212
35374
35484
35652
35698
36143
36552
36552
36627
36635
36838
36925
36981
37153
37309
37388
37397
37490
37678
37760
37863
38104
38263
38401
38442
38583
38589
38603
38635
38790
39180
39254
39279
39568
39580
39679
39725
39814
39912
40032
40139
40163
40208
40219
40234
40315
40345
40380
40390
40455
40976
41036
41059
41434
41460
41547
41598
41648
41735
42066
42165
42364
42446
42458
42574
42574
42620
43009
43044
43067
43153
43153
43292
43292
43420
43607
43653
43808
43866
43954
44163
44223
44303
44375
44446
44520
44537
44598
44614
44673
44765
44792
44871
45066
45103
45231
45369
45455
45541
45608
45987
46005
46024
46277
46331
46353
46374
46423
46664
46758
46822
47000
47093
47193
47319
47736
47952
48012
48115
48227
48256
48292
48509
48617
48657
48798
48983
49055
49143
49178
49190
49279
49421
49457
49469
49578
49746
49807
49878
49956
50091
50389
50772
50906
50939
50944
51113
51196
51325
51390
51412
51437
51458
51522
51575
51644
51733
51878
52112
52152
52167
52207
52309
52437
52601
52708
52854
52961
52967
53058
53107
53378
53392
53401
53554
53626
53864
53927
54089
54202
54306
54361
54449
54554
54563
54635
55057
55099
55179
55232
55243
55352
55407
55469
55529
55638
55648
55659
55925
56019
56116
56231
56255
56399
56401
56411
56567
56599
56911
57059
57071
57094
57096
57219
57265
57582
57619
57619
57631
57638
57657
57704
58025
58036
58053
58116
58123
58154
58182
58283
58292
58302
58523
58557
58707
58786
58891
59040
59068
59104
59250
59292
59388
59487
59618
59723
59752
60009
60041
60201
60316
60376
60400
60411
60495
60606
60713
60768
60998
61029
61062
61176
61420
61447
61687
61747
61749
61887
62266
62298
62468
62710
62762
62955
63138
63270
63437
63480
63485
63594
63605
63787
64013
64077
64136
64272
64768
64843
64845
64891
64977
64979
65075
65084
65129
65138
65349
65568
65668
65712
66263
66266
66488
66544
66557
66562
66584
66600
66610
66632
66677
66842
66999
67033
67101
67217
67271
67414
67460
67535
67555
67622
67675
67797
67866
67904
67938
68173
68190
68361
68378
68483
68537
68741
69062
69560
69892
69929
70008
70032
70237
70245
70307
70433
70446
70461
70632
70894
70959
71100
71132
71173
71254
71292
71353
71460
71520
71720
71852
72008
72054
72090
72221
72259
72262
72306
72310
72331
72353
72403
72619
72630
72861
72913
72973
73067
73282
73487
73501
73576
73608
74065
74087
74203
74304
74372
74506
74522
74592
74637
74662
74722
74733
74964
75032
75055
75079
75180
75197
75285
75321
75328
75485
75538
75581
75700
75775
75853
75868
75902
76198
76302
76346
76347
76380
76486
76535
76823
76857
76929
77013
77174
77252
77367
77626
77711
77860
77901
77962
78035
78044
78134
78143
78193
78265
78388
78561
78585
78614
78629
78692
78755
78764
78811
78971
79088
79200
79239
79293
79477
79771
79836
79933
80097
80344
80348
80350
80697
80902
80913
81184
81318
81488
81571
82018
82105
82132
82264
82266
82335
82335
82574
82695
82755
82778
82784
83192
83224
83399
83476
83554
83592
83742
83776
83830
83881
84284
84357
84393
84493
84595
84863
85085
85146
85443
85967
86064
86153
86254
86327
86412
86494
86731
86808
86874
86922
87135
87176
87228
87288
87475
87704
87872
87969
88010
88125
88366
88404
88407
88492
88574
88589
88656
88682
88847
88990
89156
89272
89281
89358
89367
89382
89408
89655
89804
89848
89855
90116
90221
90341
90377
90416
90442
90555
90642
90909
90913
91008
91019
91059
91095
91134
91223
91307
91380
91475
91519
91534
91772
91817
92004
92085
92089
92367
92453
92559
92739
93018
93037
93106
93301
93495
93558
93674
93702
93830
93932
93933
94051
94168
94209
94211
94329
94419
94643
94683
94766
94813
94827
95018
95042
95108
95189
95220
95260
95280
95283
95364
95479
95775
95874
96020
96113
96205
96605
96854
96882
96888
97226
97236
97397
97418
97519
97525
97690
97852
97918
98201
98328
98386
98467
98582
98646
98693
98752
98770
98791
98852
98905
98976
99047
99059
99092
99205
99405
99443
99453
99581
99648
99671
99710
99977
