10000
6
27
39
42
43
60
61
70
109
129
130
146
149
154
161
163
178
178
187
213
221
252
287
290
304
305
309
318
321
323
343
345
347
358
367
382
417
423
425
430
432
434
448
457
463
495
500
521
521
562
570
576
600
609
624
643
649
651
658
663
690
698
720
723
745
753
756
757
772
784
790
796
800
812
820
829
833
843
854
865
877
882
892
896
911
912
913
919
919
930
939
940
943
964
975
984
995
1002
1004
1007
1011
1023
1038
1040
1040
1052
1063
1065
1067
1068
1081
1086
1087
1108
1110
1114
1126
1135
1151
1175
1176
1176
1178
1192
1219
1225
1234
1236
1249
1249
1263
1266
1273
1277
1285
1289
1290
1296
1320
1322
1336
1337
1348
1369
1375
1389
1400
1403
1409
1413
1420
1422
1424
1437
1439
1453
1535
1545
1554
1554
1557
1561
1573
1594
1599
1599
1606
1626
1635
1648
1651
1660
1678
1705
1718
1732
1747
1748
1753
1753
1754
1759
1767
1768
1781
1796
1813
1823
1828
1839
1843
1843
1847
1874
1879
1896
1901
1904
1907
1908
1931
1950
1954
1983
1988
1989
1993
2006
2015
2040
2043
2060
2111
2128
2128
2133
2140
2148
2155
2156
2172
2174
2194
2198
2204
2212
2214
2225
2229
2242
2246
2247
2249
2267
2287
2297
2311
2318
2320
2342
2343
2356
2357
2376
2376
2388
2396
2406
2424
2464
2481
2482
2504
2506
2507
2536
2541
2544
2550
2555
2563
2585
2592
2597
2597
2656
2657
2674
2686
2695
2705
2709
2717
2723
2734
2746
2761
2761
2770
2787
2793
2799
2822
2827
2838
2862
2866
2868
2872
2920
2922
2925
2964
2975
2984
2991
2997
2999
3000
3006
3022
3022
3032
3074
3090
3103
3110
3111
3119
3123
3128
3138
3158
3163
3165
3179
3184
3189
3195
3202
3217
3226
3240
3248
3249
3254
3264
3265
3279
3287
3316
3323
3325
3327
3332
3371
3380
3385
3407
3407
3416
3428
3432
3447
3449
3449
3469
3487
3491
3493
3506
3511
3533
3569
3599
3603
3605
3605
3608
3611
3617
3628
3650
3654
3666
3688
3712
3712
3750
3777
3779
3789
3801
3830
3858
3869
3872
3875
3880
3884
3903
3918
3929
3937
3949
3949
3952
3955
3964
3979
3992
4004
4006
4012
4022
4024
4030
4030
4042
4057
4109
4113
4131
4134
4136
4160
4166
4169
4173
4190
4192
4227
4237
4250
4256
4265
4267
4275
4276
4287
4291
4292
4298
4300
4307
4323
4328
4329
4338
4341
4342
4343
4347
4369
4382
4390
4405
4419
4424
4427
4428
4467
4481
4486
4513
4516
4535
4540
4549
4555
4558
4580
4580
4585
4587
4589
4626
4631
4648
4685
4690
4694
4695
4697
4705
4710
4712
4729
4737
4743
4756
4763
4770
4778
4779
4779
4790
4827
4828
4831
4843
4879
4909
4915
4927
4939
4943
4949
4949
4949
4955
4958
4983
4994
5011
5024
5033
5066
5066
5088
5118
5122
5131
5141
5175
5217
5222
5262
5273
5278
5289
5290
5292
5299
5305
5313
5316
5319
5324
5325
5334
5345
5353
5360
5374
5376
5385
5386
5413
5417
5420
5421
5422
5428
5429
5437
5439
5480
5486
5486
5487
5508
5511
5525
5533
5539
5542
5561
5581
5594
5601
5623
5628
5633
5647
5651
5679
5686
5699
5710
5718
5722
5733
5736
5739
5756
5757
5766
5780
5785
5789
5791
5797
5800
5805
5805
5808
5813
5813
5818
5827
5829
5840
5843
5849
5865
5868
5905
5913
5924
5936
5942
5950
5970
5973
5979
5994
6017
6022
6034
6045
6051
6062
6113
6139
6145
6167
6168
6173
6185
6194
6214
6227
6229
6234
6240
6241
6247
6248
6262
6275
6280
6282
6303
6312
6320
6321
6327
6332
6351
6356
6364
6387
6391
6401
6406
6406
6409
6414
6414
6433
6479
6483
6488
6491
6492
6502
6502
6525
6549
6552
6573
6576
6583
6584
6585
6602
6610
6612
6623
6635
6677
6694
6696
6716
6721
6721
6724
6738
6745
6757
6766
6785
6789
6790
6792
6801
6805
6814
6819
6864
6866
6870
6886
6892
6896
6908
6921
6929
6935
6958
6967
7005
7012
7022
7032
7043
7054
7058
7063
7071
7072
7076
7102
7116
7120
7121
7150
7160
7169
7190
7194
7197
7205
7208
7223
7230
7236
7246
7252
7275
7333
7335
7346
7366
7372
7375
7398
7400
7401
7405
7413
7430
7437
7439
7441
7448
7462
7470
7480
7482
7493
7502
7506
7513
7559
7575
7588
7589
7595
7596
7614
7627
7633
7642
7659
7667
7669
7680
7716
7719
7724
7737
7752
7769
7791
7799
7805
7808
7812
7814
7821
7823
7824
7827
7833
7837
7842
7844
7845
7885
7886
7887
7888
7895
7900
7923
7933
7938
7944
7944
7944
7954
7972
7974
7974
7997
8011
8039
8049
8062
8067
8073
8073
8089
8093
8111
8126
8132
8140
8145
8149
8181
8200
8228
8232
8234
8245
8247
8269
8274
8289
8298
8306
8307
8315
8316
8326
8336
8358
8358
8386
8386
8392
8395
8439
8446
8452
8457
8458
8467
8474
8488
8507
8512
8524
8551
8554
8557
8562
8564
8580
8583
8590
8602
8608
8616
8640
8647
8681
8694
8725
8726
8729
8730
8733
8742
8743
8751
8765
8797
8807
8813
8824
8828
8836
8838
8846
8851
8854
8896
8906
8911
8920
8928
8929
8929
8941
8943
8973
9008
9011
9047
9065
9075
9084
9088
9091
9109
9118
9143
9171
9191
9212
9213
9218
9223
9242
9246
9252
9271
9284
9284
9293
9303
9305
9307
9312
9317
9334
9346
9348
9378
9387
9397
9410
9412
9440
9441
9465
9479
9480
9484
9486
9488
9504
9507
9524
9526
9537
9559
9562
9596
9598
9610
9651
9654
9666
9669
9673
9681
9684
9686
9688
9701
9704
9710
9712
9757
9758
9766
9800
9828
9836
9840
9847
9850
9856
9862
9908
9916
9929
9951
9962
9985
10005
10009
10010
10010
10021
10033
10040
10058
10086
10095
10102
10158
10180
10208
10231
10233
10241
10253
10258
10271
10296
10301
10307
10313
10326
10328
10349
10375
10392
10406
10406
10433
10434
10435
10463
10468
10469
10478
10485
10485
10495
10496
10517
10526
10533
10534
10537
10538
10546
10580
10581
10586
10590
10591
10611
10613
10631
10638
10638
10651
10666
10673
10677
10693
10744
10745
10760
10784
10790
10799
10804
10805
10840
10845
10859
10866
10876
10878
10885
10897
10901
10911
10914
10915
10935
10958
10980
10995
11026
11030
11039
11051
11057
11063
11090
11101
11103
11122
11125
11145
11152
11154
11166
11187
11192
11197
11205
11206
11219
11245
11246
11248
11258
11268
11275
11276
11277
11278
11280
11282
11291
11330
11337
11364
11377
11389
11391
11409
11410
11411
11411
11414
11416
11432
11441
11456
11457
11468
11496
11517
11521
11533
11537
11544
11545
11551
11560
11565
11570
11571
11597
11608
11629
11632
11635
11638
11643
11650
11663
11667
11671
11698
11700
11707
11720
11725
11735
11736
11739
11741
11755
11760
11765
11768
11779
11800
11804
11807
11807
11811
11823
11865
11868
11868
11905
11937
11942
11946
11949
11950
11956
11958
11972
11975
11977
12015
12016
12027
12037
12041
12044
12053
12056
12066
12084
12092
12092
12093
12097
12100
12108
12110
12111
12114
12115
12136
12139
12168
12171
12182
12197
12199
12218
12219
12266
12289
12290
12306
12311
12357
12369
12369
12377
12378
12380
12381
12436
12443
12445
12451
12457
12464
12469
12471
12494
12508
12515
12520
12548
12553
12557
12564
12567
12570
12575
12579
12603
12616
12636
12638
12643
12648
12688
12713
12730
12738
12749
12756
12760
12773
12798
12803
12807
12810
12813
12833
12834
12852
12855
12884
12895
12909
12925
12930
12936
12948
12974
12987
12997
12997
13000
13004
13004
13010
13015
13033
13034
13038
13046
13059
13064
13066
13088
13093
13097
13107
13120
13139
13150
13150
13163
13171
13173
13173
13189
13213
13221
13227
13232
13243
13243
13251
13256
13272
13292
13311
13320
13327
13340
13345
13349
13364
13393
13401
13405
13432
13449
13458
13471
13484
13489
13490
13490
13493
13504
13519
13526
13527
13530
13532
13536
13539
13560
13566
13585
13593
13617
13618
13620
13632
13632
13676
13679
13684
13699
13706
13708
13722
13728
13741
13742
13744
13749
13754
13770
13771
13773
13788
13810
13840
13849
13899
13909
13917
13937
13944
13948
13949
13956
13957
13959
13962
13965
13971
13979
13990
13995
13999
14000
14009
14020
14022
14028
14033
14034
14049
14050
14055
14062
14086
14100
14111
14118
14125
14144
14146
14149
14168
14178
14192
14194
14197
14220
14226
14227
14237
14249
14261
14262
14290
14305
14312
14314
14318
14329
14350
14364
14365
14366
14372
14384
14384
14394
14406
14419
14421
14433
14434
14435
14443
14446
14475
14475
14477
14507
14511
14518
14528
14533
14537
14539
14554
14559
14562
14567
14577
14580
14585
14588
14593
14595
14604
14605
14605
14607
14616
14617
14625
14642
14650
14653
14698
14704
14713
14714
14719
14726
14726
14727
14743
14778
14797
14824
14842
14870
14873
14883
14891
14901
14904
14919
14928
14940
14945
14998
15024
15041
15042
15047
15048
15059
15059
15070
15073
15084
15094
15107
15123
15134
15146
15148
15150
15159
15160
15161
15186
15191
15191
15202
15230
15283
15289
15290
15329
15331
15334
15339
15345
15345
15358
15361
15364
15366
15420
15439
15446
15447
15454
15463
15507
15514
15521
15524
15531
15542
15558
15570
15577
15577
15605
15612
15624
15663
15692
15695
15695
15702
15709
15721
15739
15747
15760
15767
15775
15775
15788
15798
15803
15807
15826
15828
15830
15831
15832
15841
15846
15866
15872
15873
15875
15882
15894
15894
15903
15906
15944
15945
15962
15970
15979
15982
15988
16011
16013
16034
16043
16053
16058
16079
16086
16099
16104
16109
16120
16121
16134
16137
16155
16163
16164
16191
16195
16208
16210
16212
16214
16223
16227
16229
16259
16260
16267
16272
16286
16299
16331
16357
16364
16390
16407
16407
16412
16420
16428
16450
16456
16479
16479
16485
16486
16486
16486
16497
16511
16512
16512
16515
16525
16528
16543
16548
16553
16570
16584
16611
16619
16651
16669
16672
16685
16688
16713
16717
16720
16725
16733
16755
16757
16761
16764
16769
16816
16821
16846
16853
16867
16870
16880
16893
16893
16900
16905
16905
16914
16934
16950
16980
16986
16989
16998
17005
17035
17041
17045
17060
17068
17073
17090
17096
17101
17104
17111
17158
17169
17170
17221
17225
17227
17233
17262
17278
17290
17301
17316
17319
17320
17323
17341
17347
17363
17365
17377
17404
17411
17413
17421
17432
17436
17439
17441
17444
17447
17454
17462
17487
17494
17496
17499
17516
17518
17519
17524
17528
17529
17535
17535
17565
17581
17581
17582
17620
17650
17652
17658
17658
17659
17660
17682
17705
17707
17710
17712
17717
17727
17731
17732
17739
17751
17753
17773
17786
17799
17802
17825
17830
17852
17860
17861
17873
17873
17874
17893
17895
17897
17923
17963
17968
17973
17995
17997
17999
18001
18024
18034
18035
18051
18051
18053
18060
18083
18094
18095
18100
18102
18108
18114
18128
18130
18136
18158
18159
18192
18215
18235
18238
18239
18250
18263
18265
18282
18289
18299
18306
18312
18317
18324
18324
18347
18348
18356
18367
18373
18381
18384
18384
18386
18387
18425
18426
18427
18429
18440
18446
18483
18493
18501
18513
18522
18524
18564
18571
18589
18608
18639
18671
18693
18695
18702
18708
18718
18718
18720
18723
18733
18753
18753
18802
18822
18823
18826
18828
18841
18849
18855
18876
18898
18950
18969
18972
18980
18996
18999
19013
19019
19022
19022
19024
19032
19043
19077
19078
19083
19090
19099
19100
19102
19111
19112
19117
19130
19136
19141
19145
19147
19158
19163
19175
19178
19179
19192
19197
19204
19205
19228
19235
19249
19254
19263
19275
19278
19314
19321
19321
19323
19326
19328
19335
19340
19363
19375
19376
19397
19397
19405
19411
19438
19441
19444
19447
19468
19479
19479
19491
19508
19528
19542
19542
19566
19569
19586
19600
19609
19620
19621
19624
19641
19643
19649
19650
19651
19658
19667
19680
19680
19685
19698
19720
19732
19743
19762
19764
19806
19810
19812
19832
19855
19871
19883
19888
19889
19900
19929
19953
19971
19976
19978
19991
20002
20008
20014
20024
20024
20030
20044
20045
20069
20072
20076
20087
20103
20109
20112
20118
20131
20140
20161
20169
20205
20245
20261
20289
20292
20302
20303
20333
20334
20341
20351
20356
20366
20395
20400
20405
20414
20423
20442
20447
20474
20493
20494
20496
20518
20534
20542
20551
20561
20565
20565
20581
20581
20610
20626
20630
20632
20633
20645
20652
20682
20695
20721
20746
20753
20753
20756
20760
20763
20780
20781
20810
20815
20831
20837
20859
20878
20911
20927
20931
20940
20960
20965
20968
20986
21031
21055
21063
21072
21074
21077
21078
21107
21110
21112
21129
21131
21139
21144
21147
21153
21158
21165
21167
21182
21188
21198
21204
21212
21224
21240
21250
21266
21276
21290
21306
21311
21315
21330
21336
21340
21343
21348
21353
21358
21368
21372
21374
21403
21416
21421
21423
21434
21434
21443
21452
21453
21453
21454
21467
21468
21470
21518
21522
21558
21563
21567
21580
21583
21584
21590
21611
21624
21626
21651
21666
21667
21672
21678
21679
21679
21681
21688
21692
21694
21753
21755
21762
21772
21802
21810
21823
21827
21834
21835
21853
21871
21874
21875
21881
21882
21898
21906
21911
21936
21950
21952
21957
21990
22008
22034
22042
22042
22046
22047
22048
22050
22061
22069
22089
22091
22120
22132
22136
22137
22146
22146
22163
22165
22168
22173
22178
22181
22193
22199
22216
22234
22258
22263
22268
22270
22275
22306
22307
22334
22344
22345
22351
22368
22368
22380
22430
22448
22452
22458
22471
22479
22503
22504
22511
22512
22546
22573
22576
22595
22597
22618
22628
22628
22633
22664
22670
22675
22703
22718
22721
22729
22739
22739
22741
22746
22752
22796
22813
22822
22834
22835
22837
22850
22863
22868
22881
22901
22919
22940
22952
22980
22982
23024
23030
23033
23036
23037
23045
23053
23060
23077
23087
23093
23100
23106
23118
23122
23141
23143
23144
23156
23157
23158
23161
23169
23171
23181
23183
23190
23216
23238
23242
23243
23272
23288
23293
23315
23316
23316
23326
23333
23335
23343
23363
23376
23381
23382
23391
23393
23418
23428
23428
23432
23445
23446
23454
23470
23479
23489
23503
23527
23535
23546
23546
23549
23568
23574
23596
23613
23623
23634
23639
23640
23641
23650
23654
23656
23660
23661
23667
23679
23682
23692
23693
23696
23703
23706
23713
23735
23737
23737
23743
23750
23755
23756
23760
23783
23818
23835
23864
23865
23876
23888
23897
23929
23929
23934
23944
23971
23973
23989
23991
23995
23999
24001
24005
24010
24015
24016
24042
24044
24067
24075
24083
24101
24104
24105
24108
24108
24115
24131
24141
24147
24206
24235
24242
24250
24260
24264
24267
24274
24276
24285
24297
24320
24325
24344
24393
24404
24420
24437
24441
24442
24446
24460
24475
24485
24493
24498
24511
24512
24517
24517
24518
24522
24527
24528
24535
24539
24544
24555
24556
24568
24571
24588
24611
24611
24612
24612
24620
24644
24649
24663
24697
24714
24770
24771
24787
24787
24789
24797
24827
24829
24834
24840
24847
24860
24861
24880
24910
24915
24916
24928
24931
24931
24940
24941
24944
24945
24948
24951
24958
24960
24968
24981
24984
24993
24997
25002
25009
25024
25030
25036
25038
25048
25053
25060
25086
25096
25108
25109
25137
25140
25147
25160
25162
25163
25165
25176
25179
25201
25207
25213
25224
25226
25235
25253
25267
25268
25288
25289
25299
25300
25315
25318
25325
25335
25341
25348
25351
25366
25376
25413
25433
25437
25472
25527
25536
25536
25581
25587
25589
25590
25607
25607
25614
25615
25619
25619
25626
25626
25635
25653
25662
25667
25682
25684
25687
25703
25713
25718
25731
25755
25765
25769
25770
25773
25781
25783
25784
25791
25798
25802
25803
25810
25828
25846
25865
25881
25897
25927
25928
25934
25934
25944
25967
25977
25984
25997
26003
26012
26017
26018
26024
26036
26043
26043
26060
26060
26070
26070
26076
26095
26114
26117
26119
26122
26126
26141
26170
26173
26176
26194
26196
26204
26204
26205
26209
26221
26244
26248
26267
26271
26271
26274
26278
26279
26281
26301
26333
26338
26364
26403
26406
26412
26418
26422
26423
26433
26456
26471
26528
26532
26539
26553
26567
26570
26571
26586
26597
26621
26644
26649
26649
26651
26659
26672
26678
26680
26696
26697
26719
26721
26721
26722
26741
26766
26767
26780
26780
26817
26819
26827
26839
26839
26840
26841
26848
26849
26850
26856
26861
26863
26869
26924
26951
26973
26976
26978
26980
26989
27009
27010
27037
27052
27059
27060
27079
27085
27086
27102
27103
27119
27129
27150
27167
27175
27204
27209
27211
27223
27231
27241
27244
27247
27251
27269
27273
27280
27280
27292
27294
27312
27320
27330
27343
27348
27352
27352
27359
27362
27364
27382
27389
27408
27409
27413
27415
27416
27417
27450
27461
27463
27488
27495
27503
27514
27516
27522
27532
27557
27560
27570
27576
27590
27591
27609
27614
27618
27627
27629
27668
27668
27673
27677
27684
27685
27690
27697
27699
27716
27719
27741
27744
27746
27754
27755
27758
27762
27763
27777
27779
27788
27793
27804
27828
27838
27854
27861
27868
27869
27877
27885
27894
27907
27913
27916
27917
27927
27931
27943
27945
27947
27964
27971
27995
28019
28024
28029
28043
28044
28047
28049
28051
28053
28053
28104
28104
28105
28107
28110
28116
28116
28126
28159
28161
28164
28173
28199
28199
28213
28238
28258
28260
28270
28282
28282
28302
28305
28314
28315
28324
28338
28352
28356
28378
28378
28418
28431
28459
28465
28475
28480
28486
28501
28517
28545
28548
28552
28555
28556
28610
28617
28622
28624
28627
28634
28635
28641
28680
28681
28701
28723
28767
28769
28773
28807
28812
28814
28820
28825
28838
28869
28869
28873
28874
28875
28882
28886
28906
28908
28938
28943
28956
28968
28969
28975
28992
28994
28995
28996
29001
29026
29027
29038
29043
29044
29047
29058
29066
29070
29074
29080
29090
29103
29110
29131
29135
29143
29145
29160
29181
29241
29273
29289
29302
29304
29304
29315
29317
29330
29342
29353
29387
29399
29428
29444
29447
29449
29456
29458
29461
29467
29468
29477
29488
29495
29498
29509
29509
29515
29528
29529
29549
29559
29577
29612
29632
29634
29638
29652
29666
29676
29685
29686
29691
29704
29712
29712
29733
29738
29750
29774
29778
29779
29797
29807
29817
29827
29834
29835
29835
29837
29838
29846
29848
29852
29866
29868
29891
29895
29898
29905
29908
29916
29919
29922
29922
29937
29940
29945
29949
29972
29978
29992
30001
30019
30019
30041
30050
30051
30074
30076
30078
30097
30098
30107
30113
30119
30129
30141
30145
30188
30191
30197
30224
30261
30273
30282
30283
30310
30310
30316
30319
30324
30336
30337
30364
30394
30432
30439
30443
30448
30452
30486
30486
30494
30497
30509
30510
30512
30522
30551
30574
30574
30588
30607
30608
30613
30628
30631
30631
30632
30659
30669
30671
30679
30681
30682
30720
30739
30740
30745
30746
30747
30758
30764
30770
30781
30798
30855
30858
30890
30892
30894
30902
30910
30913
30915
30917
30934
30936
30943
30943
30961
30979
30983
30987
31011
31015
31030
31036
31064
31067
31068
31080
31092
31093
31111
31117
31145
31146
31153
31172
31177
31181
31181
31182
31187
31193
31197
31212
31221
31233
31236
31249
31249
31254
31264
31265
31267
31271
31283
31285
31292
31297
31302
31306
31318
31330
31333
31335
31358
31359
31370
31406
31410
31412
31429
31431
31436
31438
31444
31460
31468
31475
31488
31500
31509
31523
31524
31532
31536
31547
31547
31566
31580
31594
31595
31597
31600
31606
31626
31638
31639
31641
31659
31664
31668
31695
31708
31724
31733
31742
31758
31804
31832
31832
31841
31841
31846
31851
31859
31870
31924
31934
31942
31973
31978
31981
31985
31992
32023
32026
32063
32080
32080
32092
32094
32099
32103
32107
32113
32128
32128
32128
32130
32143
32174
32174
32175
32176
32181
32185
32188
32196
32203
32217
32218
32232
32236
32238
32252
32268
32289
32290
32294
32298
32320
32322
32334
32358
32369
32395
32395
32413
32429
32429
32430
32442
32445
32480
32482
32489
32493
32496
32507
32511
32515
32536
32540
32552
32552
32554
32598
32603
32607
32618
32646
32650
32652
32681
32685
32692
32693
32704
32705
32718
32726
32733
32742
32748
32750
32781
32782
32783
32793
32827
32833
32848
32862
32863
32867
32879
32887
32890
32890
32892
32907
32908
32916
32929
32930
32930
32954
32959
32978
33003
33008
33009
33015
33016
33026
33030
33035
33041
33063
33082
33092
33096
33108
33112
33115
33118
33124
33125
33134
33163
33164
33166
33171
33194
33198
33203
33211
33219
33233
33240
33256
33268
33299
33301
33312
33316
33319
33326
33359
33360
33361
33364
33393
33419
33430
33449
33462
33464
33498
33514
33525
33528
33538
33550
33556
33564
33604
33609
33612
33615
33616
33621
33624
33625
33642
33657
33660
33666
33676
33709
33721
33757
33767
33775
33789
33791
33812
33813
33833
33853
33878
33881
33883
33883
33899
33908
33909
33937
33947
33964
33977
33982
33987
33989
34000
34001
34003
34008
34009
34012
34032
34041
34049
34050
34057
34079
34103
34107
34107
34126
34135
34169
34172
34185
34186
34186
34202
34210
34216
34221
34226
34247
34266
34266
34280
34289
34289
34312
34313
34335
34345
34351
34352
34354
34379
34393
34399
34403
34408
34408
34409
34415
34417
34417
34430
34435
34435
34438
34439
34444
34449
34456
34456
34460
34468
34478
34478
34491
34492
34493
34503
34509
34517
34519
34569
34585
34594
34604
34607
34611
34638
34644
34666
34684
34694
34694
34713
34721
34724
34731
34743
34745
34778
34819
34843
34843
34846
34849
34850
34851
34854
34859
34872
34891
34896
34907
34911
34922
34938
34938
34946
34952
34953
34962
34973
34978
34988
34992
34999
35000
35013
35021
35023
35027
35032
35052
35063
35064
35064
35070
35087
35096
35154
35156
35192
35201
35212
35215
35232
35236
35241
35244
35251
35259
35262
35265
35280
35292
35296
35299
35301
35305
35359
35378
35418
35422
35429
35442
35444
35460
35462
35481
35485
35504
35506
35509
35526
35544
35552
35562
35565
35586
35601
35601
35606
35618
35618
35619
35625
35629
35630
35634
35644
35662
35683
35684
35687
35704
35736
35737
35771
35773
35778
35793
35802
35806
35807
35809
35817
35829
35849
35871
35874
35876
35905
35914
35934
35934
35938
35939
35960
35966
35983
35993
36020
36026
36033
36048
36059
36082
36093
36106
36107
36113
36113
36117
36125
36135
36138
36140
36146
36150
36184
36189
36193
36197
36199
36211
36227
36233
36261
36264
36284
36294
36299
36306
36322
36339
36351
36362
36363
36366
36371
36374
36381
36387
36394
36421
36423
36443
36463
36464
36474
36492
36500
36501
36511
36513
36526
36534
36548
36559
36563
36571
36574
36606
36611
36621
36621
36644
36645
36647
36659
36682
36689
36711
36713
36735
36741
36769
36772
36795
36802
36811
36819
36825
36830
36834
36844
36850
36862
36886
36886
36893
36900
36913
36922
36925
36928
36933
36947
36960
36963
36964
36965
36971
36991
36994
37005
37015
37050
37071
37072
37073
37083
37091
37112
37117
37129
37139
37145
37148
37167
37169
37187
37193
37211
37228
37255
37268
37277
37281
37282
37284
37293
37295
37311
37330
37341
37366
37374
37378
37389
37391
37392
37392
37394
37396
37400
37402
37412
37424
37431
37433
37441
37443
37449
37454
37457
37459
37492
37494
37495
37498
37512
37515
37542
37545
37547
37552
37559
37575
37583
37597
37610
37614
37617
37634
37650
37653
37676
37685
37687
37689
37693
37694
37697
37714
37715
37729
37759
37773
37796
37797
37805
37814
37825
37829
37831
37832
37841
37845
37854
37855
37856
37856
37857
37861
37868
37892
37899
37902
37906
37915
37927
37930
37935
37944
37946
37949
37957
37972
37981
38001
38004
38026
38028
38054
38059
38060
38079
38091
38093
38105
38105
38115
38116
38120
38122
38133
38140
38151
38156
38156
38161
38163
38180
38185
38221
38261
38262
38274
38281
38343
38362
38376
38379
38384
38390
38403
38412
38415
38449
38452
38455
38463
38468
38480
38482
38487
38490
38505
38531
38565
38581
38590
38600
38604
38618
38620
38650
38672
38691
38700
38701
38709
38709
38713
38715
38715
38729
38739
38741
38741
38746
38751
38761
38764
38766
38793
38820
38828
38844
38848
38850
38863
38867
38886
38908
38909
38911
38934
38940
38945
38954
38966
38971
39004
39005
39006
39008
39012
39032
39034
39036
39039
39051
39062
39069
39086
39091
39095
39102
39102
39103
39105
39109
39123
39131
39185
39188
39227
39255
39258
39263
39266
39266
39271
39279
39288
39305
39318
39323
39326
39352
39353
39361
39368
39375
39376
39379
39385
39396
39397
39399
39406
39407
39411
39421
39431
39436
39444
39459
39461
39481
39487
39513
39535
39538
39547
39549
39555
39558
39573
39581
39590
39604
39608
39611
39611
39615
39632
39642
39647
39665
39668
39675
39683
39686
39707
39734
39737
39769
39769
39773
39778
39825
39828
39836
39844
39859
39871
39872
39887
39894
39908
39912
39933
39933
39935
39955
39958
39969
39971
39988
39992
39992
39998
39998
40018
40040
40051
40060
40083
40086
40092
40092
40119
40120
40120
40123
40127
40136
40175
40187
40199
40231
40244
40248
40249
40269
40281
40283
40285
40287
40287
40295
40317
40342
40351
40361
40361
40369
40372
40383
40414
40428
40446
40466
40473
40477
40479
40482
40494
40509
40515
40516
40519
40521
40537
40540
40540
40542
40545
40563
40584
40588
40599
40607
40616
40619
40640
40651
40676
40690
40690
40706
40711
40716
40746
40776
40776
40787
40798
40804
40807
40835
40841
40843
40848
40854
40857
40860
40866
40875
40883
40886
40909
40952
40991
41000
41019
41029
41030
41042
41045
41049
41072
41089
41112
41124
41136
41138
41142
41150
41158
41195
41206
41215
41217
41244
41252
41270
41271
41274
41280
41291
41292
41298
41303
41339
41347
41354
41357
41387
41393
41403
41412
41425
41426
41430
41444
41449
41472
41474
41474
41491
41497
41499
41522
41525
41531
41575
41577
41583
41587
41589
41606
41617
41625
41626
41649
41656
41660
41672
41700
41719
41724
41727
41744
41744
41760
41764
41768
41776
41811
41825
41847
41856
41859
41863
41875
41876
41900
41910
41913
41921
41923
41973
41976
41978
42005
42008
42009
42014
42021
42029
42033
42045
42053
42054
42063
42087
42119
42122
42149
42157
42164
42164
42166
42171
42179
42179
42193
42203
42207
42213
42231
42238
42239
42249
42262
42271
42284
42290
42291
42294
42356
42368
42373
42374
42421
42427
42429
42432
42438
42443
42445
42457
42459
42464
42499
42511
42516
42521
42533
42598
42599
42605
42606
42614
42628
42655
42661
42676
42684
42685
42698
42698
42705
42710
42732
42751
42753
42754
42761
42770
42786
42794
42798
42814
42838
42843
42850
42858
42867
42871
42881
42904
42905
42910
42914
42923
42942
42962
42964
42965
42978
42979
42982
42995
42996
43002
43005
43008
43067
43069
43090
43103
43107
43124
43127
43146
43159
43183
43215
43226
43241
43257
43264
43264
43270
43276
43279
43298
43303
43305
43309
43311
43331
43338
43339
43345
43346
43365
43365
43370
43389
43390
43400
43402
43406
43418
43418
43425
43426
43434
43442
43456
43466
43479
43481
43485
43509
43518
43529
43538
43543
43560
43572
43618
43618
43652
43673
43674
43684
43687
43689
43693
43695
43696
43697
43702
43726
43731
43734
43742
43747
43749
43758
43799
43818
43857
43864
43866
43868
43874
43875
43875
43884
43885
43887
43888
43890
43897
43919
43921
43927
43933
43939
43956
43961
43966
43972
43976
43984
43985
44024
44063
44078
44078
44085
44112
44112
44117
44124
44128
44131
44135
44138
44143
44175
44180
44188
44217
44221
44223
44229
44230
44236
44255
44269
44321
44348
44349
44387
44392
44404
44410
44420
44421
44431
44447
44454
44475
44483
44486
44493
44500
44519
44524
44534
44540
44550
44558
44570
44590
44610
44627
44628
44636
44686
44722
44755
44782
44789
44818
44838
44860
44866
44876
44880
44889
44900
44902
44924
44927
44942
44946
44952
44955
44963
44969
44974
44977
44997
45019
45024
45028
45044
45046
45053
45068
45071
45078
45087
45089
45133
45133
45133
45163
45166
45180
45192
45192
45204
45210
45212
45244
45246
45252
45255
45265
45283
45283
45284
45295
45341
45342
45346
45347
45347
45355
45367
45368
45389
45393
45393
45403
45403
45435
45475
45482
45483
45498
45502
45511
45538
45546
45548
45561
45564
45564
45565
45567
45578
45579
45589
45596
45597
45603
45623
45634
45640
45650
45651
45658
45672
45675
45687
45690
45713
45741
45745
45745
45770
45771
45786
45812
45812
45816
45818
45822
45826
45833
45859
45884
45886
45888
45917
45917
45927
45940
45948
45955
45955
45963
45966
45970
45977
46019
46041
46045
46057
46073
46074
46100
46119
46125
46129
46141
46142
46143
46145
46154
46158
46158
46162
46183
46192
46211
46214
46220
46234
46257
46262
46265
46276
46306
46315
46321
46334
46337
46339
46341
46356
46360
46368
46385
46392
46396
46403
46406
46410
46457
46461
46480
46485
46501
46506
46517
46535
46542
46554
46571
46575
46589
46598
46605
46607
46611
46652
46682
46691
46698
46710
46714
46724
46730
46734
46736
46744
46785
46787
46795
46795
46797
46827
46840
46843
46843
46850
46884
46899
46902
46925
46928
46934
46941
46962
46962
46964
46970
46971
46975
46975
46984
46989
46994
47020
47027
47029
47038
47052
47059
47064
47064
47066
47075
47083
47123
47148
47149
47164
47171
47180
47218
47228
47242
47242
47242
47248
47256
47262
47283
47311
47311
47324
47325
47326
47340
47340
47348
47359
47385
47388
47392
47397
47416
47418
47448
47464
47470
47477
47489
47548
47553
47556
47566
47568
47574
47583
47585
47615
47626
47656
47676
47678
47678
47678
47681
47688
47689
47704
47705
47711
47715
47731
47732
47756
47757
47762
47772
47781
47792
47820
47847
47871
47904
47921
47924
47928
47930
47931
47932
47936
47938
47943
47949
47969
47974
47985
47990
48000
48007
48009
48016
48018
48021
48022
48038
48039
48050
48055
48061
48064
48068
48081
48087
48101
48111
48111
48117
48131
48170
48189
48193
48223
48226
48232
48276
48286
48290
48301
48308
48318
48326
48328
48332
48335
48361
48364
48371
48371
48405
48405
48409
48423
48442
48474
48476
48489
48493
48495
48508
48516
48524
48539
48541
48542
48546
48554
48578
48594
48610
48616
48620
48625
48626
48628
48631
48638
48647
48656
48660
48673
48693
48697
48731
48750
48754
48765
48771
48783
48788
48790
48798
48799
48807
48819
48819
48833
48834
48851
48862
48870
48887
48889
48897
48910
48926
48942
48943
48980
48987
48995
49003
49004
49005
49008
49037
49049
49050
49079
49090
49110
49122
49142
49143
49143
49150
49152
49158
49190
49191
49211
49226
49230
49244
49251
49264
49265
49272
49272
49284
49287
49302
49313
49324
49325
49328
49340
49351
49382
49389
49398
49400
49403
49405
49412
49413
49425
49436
49454
49455
49461
49463
49476
49482
49483
49490
49494
49515
49543
49551
49630
49632
49641
49646
49669
49670
49677
49690
49721
49722
49724
49724
49730
49733
49737
49741
49750
49752
49754
49764
49765
49775
49783
49817
49824
49843
49864
49883
49885
49894
49894
49904
49908
49917
49922
49926
49929
49936
49939
49940
49964
49966
49970
49974
49976
49976
49985
49988
49992
50026
50033
50035
50038
50048
50049
50069
50071
50077
50081
50099
50100
50103
50108
50115
50129
50141
50152
50156
50168
50175
50178
50194
50210
50219
50238
50263
50265
50277
50284
50288
50313
50314
50329
50330
50338
50376
50377
50379
50402
50403
50403
50404
50405
50421
50439
50440
50455
50464
50472
50473
50476
50477
50498
50503
50510
50515
50518
50522
50542
50545
50549
50571
50574
50578
50600
50602
50608
50610
50626
50628
50650
50658
50663
50668
50675
50676
50678
50682
50687
50708
50714
50716
50747
50759
50764
50767
50781
50785
50790
50790
50794
50795
50802
50844
50845
50856
50863
50881
50882
50884
50923
50930
50940
50951
50960
50974
50984
50991
50991
50996
51001
51004
51010
51020
51034
51034
51060
51062
51063
51067
51069
51071
51079
51115
51116
51123
51124
51131
51144
51158
51160
51160
51170
51180
51194
51197
51211
51243
51251
51272
51273
51280
51290
51296
51298
51301
51303
51305
51314
51318
51335
51345
51361
51376
51378
51380
51386
51388
51395
51400
51401
51419
51428
51438
51441
51444
51451
51459
51461
51463
51465
51473
51484
51494
51516
51522
51541
51570
51587
51613
51637
51648
51654
51668
51681
51689
51690
51693
51694
51705
51725
51728
51730
51733
51737
51740
51759
51762
51795
51802
51816
51819
51825
51849
51857
51882
51883
51894
51911
51920
51928
51937
51937
51949
51955
51957
51975
51982
51983
51986
52001
52023
52042
52060
52061
52073
52086
52087
52093
52102
52113
52117
52148
52148
52163
52165
52168
52179
52187
52211
52227
52233
52235
52235
52244
52252
52255
52285
52287
52344
52345
52363
52364
52383
52383
52387
52422
52430
52439
52453
52475
52488
52494
52501
52505
52511
52515
52524
52526
52537
52542
52559
52561
52568
52577
52618
52622
52629
52639
52653
52656
52668
52680
52702
52705
52714
52716
52729
52741
52744
52748
52749
52753
52769
52775
52777
52785
52803
52803
52827
52828
52835
52845
52847
52855
52859
52873
52884
52924
52931
52946
52950
52969
53033
53038
53046
53073
53080
53095
53098
53103
53104
53141
53150
53152
53158
53171
53172
53178
53181
53182
53197
53203
53214
53218
53224
53231
53231
53236
53272
53278
53284
53287
53290
53300
53323
53329
53348
53357
53383
53383
53403
53409
53421
53434
53472
53477
53492
53524
53546
53550
53566
53570
53575
53578
53584
53585
53606
53612
53622
53659
53659
53676
53679
53683
53691
53699
53709
53722
53728
53743
53744
53752
53759
53760
53767
53767
53769
53790
53793
53804
53841
53849
53864
53867
53903
53905
53919
53927
53941
53973
53973
53975
53986
54002
54007
54022
54053
54054
54059
54064
54078
54093
54098
54115
54116
54128
54136
54137
54146
54153
54160
54169
54180
54182
54191
54211
54221
54254
54255
54264
54276
54283
54288
54294
54297
54298
54300
54320
54325
54328
54337
54340
54341
54342
54344
54352
54362
54378
54378
54384
54407
54411
54427
54434
54462
54464
54468
54470
54472
54478
54495
54507
54516
54520
54523
54526
54531
54532
54537
54539
54543
54549
54553
54556
54568
54573
54580
54620
54627
54634
54635
54636
54642
54644
54644
54657
54662
54662
54672
54678
54699
54706
54710
54712
54722
54730
54736
54743
54761
54831
54844
54857
54865
54866
54885
54893
54901
54905
54907
54908
54937
54947
54948
54950
54963
54966
54971
54995
54998
55015
55025
55029
55031
55034
55038
55043
55046
55048
55051
55051
55062
55079
55099
55104
55107
55120
55133
55137
55152
55188
55189
55193
55203
55261
55263
55269
55294
55323
55339
55340
55367
55367
55382
55388
55390
55403
55421
55428
55436
55458
55476
55489
55498
55499
55500
55500
55520
55523
55536
55557
55559
55593
55619
55626
55633
55636
55658
55671
55692
55706
55731
55731
55735
55736
55740
55744
55745
55757
55767
55769
55782
55782
55788
55792
55802
55804
55804
55817
55838
55844
55854
55865
55894
55897
55897
55910
55911
55911
55913
55921
55923
55927
55936
55948
55954
55959
55968
55974
55974
55976
56023
56035
56042
56050
56070
56080
56083
56086
56087
56091
56118
56124
56156
56184
56189
56191
56192
56218
56244
56247
56250
56254
56279
56285
56291
56295
56296
56309
56322
56329
56329
56342
56349
56387
56390
56409
56427
56444
56449
56497
56508
56515
56526
56533
56539
56539
56543
56547
56547
56559
56575
56598
56618
56618
56636
56647
56647
56654
56665
56681
56684
56703
56721
56735
56745
56747
56782
56790
56793
56810
56825
56832
56835
56837
56855
56856
56869
56870
56882
56891
56904
56917
56922
56950
56961
56963
56978
56983
56993
57000
57003
57014
57026
57030
57036
57044
57051
57055
57062
57067
57071
57074
57104
57106
57111
57130
57131
57144
57156
57166
57170
57173
57174
57177
57181
57194
57195
57213
57215
57219
57220
57220
57244
57247
57263
57277
57284
57302
57307
57317
57320
57322
57323
57343
57373
57395
57402
57405
57406
57414
57418
57426
57437
57440
57445
57448
57458
57470
57472
57472
57478
57486
57538
57550
57584
57598
57600
57621
57638
57652
57660
57660
57671
57672
57687
57690
57704
57707
57720
57763
57775
57776
57783
57788
57788
57790
57799
57803
57836
57839
57855
57863
57869
57872
57884
57886
57891
57901
57906
57916
57917
57919
57921
57932
57943
57949
57950
57955
57961
57962
57971
57976
57980
57991
58005
58017
58020
58026
58031
58034
58048
58063
58073
58073
58084
58084
58092
58094
58101
58134
58166
58176
58180
58199
58200
58210
58212
58213
58221
58224
58227
58241
58245
58247
58264
58273
58278
58294
58303
58309
58319
58320
58321
58328
58334
58345
58369
58412
58425
58425
58430
58432
58438
58445
58451
58459
58482
58496
58498
58503
58512
58514
58523
58524
58525
58526
58532
58539
58567
58577
58585
58585
58588
58595
58631
58656
58677
58677
58677
58680
58712
58740
58746
58746
58747
58760
58778
58805
58820
58825
58852
58857
58860
58868
58874
58889
58912
58913
58923
58943
58955
58956
58968
58968
58975
58992
59003
59012
59024
59032
59035
59071
59083
59094
59107
59122
59128
59143
59157
59162
59172
59174
59181
59196
59208
59224
59237
59250
59253
59255
59260
59265
59272
59274
59292
59300
59303
59317
59320
59357
59358
59373
59377
59379
59383
59391
59393
59399
59427
59428
59452
59493
59497
59505
59505
59519
59520
59533
59533
59533
59535
59543
59551
59580
59582
59585
59610
59623
59630
59631
59641
59654
59661
59664
59698
59733
59744
59745
59752
59762
59775
59784
59788
59798
59806
59836
59843
59853
59876
59891
59925
59940
59942
59962
59963
60041
60058
60068
60070
60075
60080
60084
60087
60097
60097
60110
60138
60142
60144
60146
60163
60168
60173
60196
60196
60210
60211
60237
60256
60257
60275
60276
60278
60296
60304
60307
60312
60313
60315
60319
60324
60339
60348
60355
60360
60371
60373
60375
60397
60413
60432
60484
60488
60499
60507
60574
60601
60604
60616
60617
60626
60630
60631
60664
60668
60674
60676
60679
60684
60700
60703
60707
60714
60719
60738
60749
60754
60762
60771
60804
60816
60825
60832
60847
60852
60853
60857
60858
60864
60871
60882
60890
60929
60935
60937
60948
60954
60964
60975
60982
60984
60991
60993
61010
61016
61021
61033
61038
61044
61047
61063
61065
61072
61072
61083
61131
61135
61144
61145
61147
61151
61173
61174
61175
61175
61197
61199
61214
61256
61268
61272
61273
61287
61293
61343
61344
61345
61359
61389
61392
61402
61404
61420
61426
61458
61461
61473
61486
61491
61524
61536
61536
61547
61557
61558
61591
61603
61603
61643
61647
61655
61667
61670
61672
61680
61697
61758
61770
61788
61794
61800
61809
61810
61815
61856
61870
61873
61893
61903
61911
61914
61926
61931
61941
61961
62002
62028
62045
62078
62082
62088
62092
62129
62130
62136
62153
62156
62158
62159
62182
62185
62217
62218
62223
62224
62237
62237
62240
62246
62251
62251
62255
62287
62299
62301
62324
62335
62343
62346
62349
62351
62363
62374
62387
62413
62416
62419
62437
62442
62444
62452
62465
62469
62475
62493
62505
62513
62526
62535
62566
62574
62613
62622
62623
62634
62636
62639
62641
62657
62657
62665
62683
62690
62700
62706
62708
62709
62719
62725
62725
62757
62761
62769
62785
62800
62817
62817
62819
62844
62846
62850
62861
62876
62880
62886
62903
62920
62930
62932
62961
62966
62971
62981
62992
63003
63008
63009
63018
63026
63029
63067
63076
63077
63092
63097
63119
63138
63151
63169
63179
63187
63189
63189
63198
63202
63213
63235
63243
63248
63254
63263
63290
63292
63294
63301
63302
63329
63333
63346
63388
63405
63408
63414
63455
63469
63479
63493
63500
63509
63509
63528
63549
63569
63570
63584
63592
63616
63620
63640
63642
63684
63693
63695
63696
63735
63747
63749
63766
63774
63783
63784
63801
63823
63851
63856
63883
63883
63904
63910
63913
63916
63920
63939
63944
63968
63997
64000
64011
64034
64037
64043
64048
64058
64061
64070
64079
64081
64112
64117
64134
64153
64158
64166
64169
64173
64177
64180
64186
64186
64187
64193
64208
64210
64216
64221
64228
64233
64234
64239
64242
64258
64265
64266
64267
64278
64290
64297
64301
64311
64345
64347
64353
64356
64367
64369
64379
64390
64400
64403
64405
64414
64421
64423
64425
64429
64440
64454
64457
64489
64492
64516
64527
64527
64530
64531
64547
64561
64568
64576
64604
64610
64622
64631
64632
64635
64656
64661
64664
64688
64690
64708
64713
64721
64722
64724
64741
64768
64776
64783
64787
64793
64800
64813
64823
64824
64829
64832
64844
64849
64867
64868
64869
64876
64877
64880
64887
64912
64915
64916
64917
64963
64963
64964
64978
64980
64980
64986
64990
65008
65021
65047
65050
65070
65073
65080
65109
65113
65115
65116
65126
65139
65146
65169
65173
65175
65179
65184
65225
65234
65260
65268
65273
65282
65291
65303
65305
65335
65349
65399
65411
65418
65428
65439
65444
65463
65504
65523
65538
65556
65563
65588
65595
65604
65605
65610
65612
65614
65633
65634
65654
65661
65681
65687
65691
65711
65714
65725
65728
65748
65763
65771
65775
65800
65821
65821
65822
65835
65835
65867
65868
65876
65898
65909
65912
65926
65935
65936
65939
65942
65961
65961
65963
65966
66002
66004
66021
66024
66031
66033
66042
66052
66054
66059
66062
66091
66091
66094
66126
66136
66139
66159
66172
66175
66176
66206
66213
66215
66218
66218
66248
66257
66268
66268
66274
66288
66292
66293
66293
66303
66305
66312
66314
66316
66323
66333
66346
66370
66375
66400
66401
66402
66403
66406
66407
66417
66419
66421
66421
66425
66428
66429
66433
66460
66471
66492
66528
66540
66553
66555
66557
66588
66611
66621
66633
66654
66661
66664
66679
66688
66699
66701
66702
66713
66714
66717
66733
66734
66747
66752
66753
66757
66760
66775
66791
66793
66808
66816
66830
66837
66840
66851
66852
66861
66864
66867
66875
66908
66917
66929
66941
66960
66967
66977
66990
66997
67001
67013
67017
67026
67038
67038
67039
67055
67055
67089
67096
67133
67134
67146
67170
67184
67205
67207
67224
67229
67233
67243
67265
67277
67280
67298
67303
67317
67322
67334
67347
67357
67359
67370
67392
67400
67418
67421
67433
67443
67467
67474
67476
67478
67487
67488
67522
67545
67547
67553
67566
67567
67603
67622
67640
67642
67656
67667
67698
67711
67735
67737
67738
67739
67743
67762
67772
67828
67832
67853
67855
67860
67883
67883
67890
67897
67924
67925
67927
67930
67936
67956
67957
67971
68001
68010
68027
68034
68061
68062
68078
68098
68124
68129
68131
68140
68148
68154
68174
68180
68186
68196
68228
68228
68229
68253
68258
68263
68266
68310
68328
68328
68334
68355
68356
68367
68373
68381
68388
68400
68405
68420
68437
68439
68441
68447
68466
68468
68470
68476
68503
68509
68530
68545
68545
68546
68546
68549
68559
68561
68561
68562
68576
68586
68597
68600
68601
68611
68621
68643
68648
68652
68666
68677
68680
68694
68696
68710
68730
68736
68746
68752
68758
68776
68800
68807
68811
68826
68906
68917
68933
68938
68949
68950
68971
68977
68977
68989
68995
69016
69017
69023
69031
69037
69039
69043
69051
69052
69053
69063
69074
69079
69085
69098
69127
69173
69188
69196
69197
69198
69203
69218
69225
69237
69238
69261
69268
69276
69282
69284
69292
69313
69326
69333
69339
69351
69353
69361
69370
69388
69414
69429
69436
69438
69442
69449
69454
69462
69472
69488
69491
69494
69507
69507
69546
69550
69551
69581
69583
69585
69586
69593
69627
69639
69655
69662
69678
69691
69695
69700
69704
69707
69741
69760
69769
69769
69779
69811
69813
69857
69899
69907
69945
69952
69952
69954
69977
69982
69989
69990
69993
70023
70024
70026
70046
70058
70068
70084
70093
70114
70114
70120
70121
70144
70146
70147
70152
70161
70172
70180
70180
70181
70181
70188
70196
70198
70203
70205
70215
70220
70229
70252
70284
70302
70303
70323
70327
70332
70373
70373
70376
70390
70397
70401
70415
70423
70434
70436
70456
70463
70468
70487
70526
70526
70552
70556
70572
70572
70580
70609
70616
70622
70628
70646
70682
70683
70688
70692
70692
70707
70709
70716
70744
70745
70759
70762
70762
70763
70768
70777
70779
70781
70785
70787
70799
70800
70800
70806
70847
70851
70856
70867
70870
70882
70888
70895
70896
70908
70914
70929
70930
70934
70938
70939
70944
70951
70968
70991
70996
71010
71019
71020
71044
71069
71070
71074
71102
71121
71140
71149
71173
71184
71196
71199
71229
71237
71242
71258
71258
71273
71278
71279
71300
71303
71311
71335
71336
71337
71339
71354
71355
71377
71384
71400
71412
71414
71437
71484
71493
71496
71497
71502
71510
71540
71544
71547
71553
71553
71567
71571
71591
71605
71619
71633
71634
71637
71651
71660
71675
71683
71689
71692
71714
71723
71728
71729
71730
71730
71735
71755
71758
71761
71769
71776
71806
71828
71852
71875
71881
71885
71889
71903
71916
71928
71930
71933
71933
71949
71950
71954
71956
71960
71964
71997
71998
71998
72017
72026
72035
72041
72047
72054
72066
72068
72074
72076
72088
72112
72124
72138
72146
72165
72167
72190
72215
72218
72233
72234
72247
72248
72268
72270
72275
72279
72302
72305
72313
72318
72325
72331
72339
72348
72354
72377
72382
72384
72388
72406
72431
72436
72440
72442
72455
72470
72470
72493
72495
72499
72520
72524
72535
72542
72552
72554
72555
72558
72573
72591
72594
72602
72607
72616
72625
72637
72651
72658
72660
72662
72679
72712
72714
72720
72737
72744
72746
72762
72763
72770
72775
72787
72798
72800
72808
72814
72842
72861
72869
72882
72906
72948
72954
72954
72957
72959
72960
72968
72970
72972
73008
73014
73021
73029
73037
73073
73089
73094
73107
73109
73125
73140
73150
73150
73151
73151
73163
73184
73188
73195
73206
73222
73226
73227
73228
73231
73257
73258
73261
73264
73266
73268
73281
73282
73283
73289
73302
73311
73317
73317
73324
73332
73343
73343
73351
73364
73364
73366
73371
73374
73386
73412
73431
73437
73443
73446
73464
73475
73486
73490
73496
73496
73500
73505
73544
73546
73557
73587
73611
73616
73619
73629
73649
73653
73663
73663
73706
73709
73760
73764
73775
73803
73812
73815
73819
73827
73833
73839
73855
73855
73885
73901
73908
73921
73934
73942
73952
73973
73979
73995
73997
74001
74010
74014
74028
74057
74069
74076
74081
74088
74097
74109
74110
74111
74126
74130
74156
74165
74195
74214
74217
74242
74259
74260
74264
74270
74275
74314
74316
74317
74318
74332
74335
74348
74354
74357
74377
74378
74387
74389
74395
74417
74431
74437
74445
74450
74453
74456
74459
74462
74474
74475
74478
74491
74499
74516
74522
74530
74534
74540
74540
74541
74590
74592
74592
74593
74597
74599
74600
74620
74624
74635
74646
74659
74665
74685
74687
74692
74699
74718
74723
74723
74726
74745
74838
74860
74860
74869
74893
74895
74915
74922
74925
74931
74935
74940
74950
74952
74965
74966
74983
74986
74999
75005
75014
75020
75044
75071
75087
75093
75118
75124
75128
75130
75145
75156
75163
75172
75174
75189
75192
75197
75198
75200
75205
75206
75215
75240
75248
75276
75277
75282
75285
75298
75301
75305
75313
75331
75355
75385
75389
75391
75395
75403
75406
75413
75441
75448
75466
75477
75485
75489
75494
75496
75500
75507
75517
75528
75534
75535
75547
75565
75608
75647
75670
75684
75685
75699
75704
75712
75725
75726
75730
75746
75749
75764
75777
75783
75794
75799
75806
75812
75816
75822
75829
75844
75844
75846
75848
75851
75857
75863
75869
75870
75875
75878
75890
75899
75900
75912
75919
75930
75939
75942
75946
75949
75952
75965
75977
75977
75982
76030
76035
76038
76044
76046
76059
76111
76138
76141
76143
76146
76150
76152
76157
76167
76173
76178
76181
76188
76190
76191
76200
76209
76223
76234
76271
76271
76299
76303
76318
76350
76356
76360
76362
76367
76373
76376
76378
76381
76382
76397
76441
76448
76466
76472
76478
76487
76495
76495
76528
76541
76543
76555
76557
76559
76562
76567
76568
76588
76588
76604
76610
76620
76624
76625
76631
76669
76685
76706
76719
76749
76756
76762
76776
76777
76781
76787
76792
76810
76832
76833
76835
76836
76839
76845
76849
76859
76865
76913
76923
76940
76968
76971
76982
77010
77024
77029
77033
77036
77048
77088
77093
77101
77108
77110
77121
77138
77183
77186
77186
77187
77192
77192
77198
77203
77206
77207
77217
77234
77246
77270
77292
77296
77301
77305
77312
77313
77320
77323
77325
77336
77351
77356
77384
77396
77397
77413
77413
77417
77428
77433
77440
77448
77459
77475
77492
77497
77551
77553
77559
77578
77582
77587
77589
77592
77603
77604
77609
77609
77611
77619
77629
77651
77651
77663
77679
77680
77682
77683
77692
77697
77732
77743
77753
77761
77776
77780
77798
77801
77807
77807
77809
77818
77873
77887
77897
77901
77901
77901
77906
77908
77924
77926
77929
77932
77947
77959
77971
77976
77976
77981
77984
77985
77991
77999
77999
78002
78004
78020
78039
78039
78045
78046
78052
78062
78069
78087
78106
78107
78127
78129
78129
78130
78158
78169
78175
78176
78186
78198
78259
78270
78279
78303
78308
78309
78313
78320
78329
78350
78361
78368
78370
78377
78387
78396
78431
78436
78451
78464
78477
78481
78488
78491
78494
78496
78503
78504
78526
78543
78550
78555
78560
78562
78565
78569
78578
78591
78620
78626
78630
78635
78648
78651
78651
78654
78659
78665
78690
78695
78737
78748
78753
78775
78777
78777
78790
78842
78857
78858
78858
78859
78863
78886
78896
78898
78911
78914
78927
78930
78934
78953
78958
78964
78985
78987
78991
78999
79000
79012
79022
79026
79027
79029
79032
79039
79043
79049
79057
79078
79084
79094
79098
79105
79109
79112
79112
79132
79153
79154
79159
79180
79216
79216
79253
79266
79284
79288
79307
79320
79324
79330
79349
79355
79391
79411
79412
79413
79414
79421
79423
79431
79436
79439
79472
79475
79504
79504
79513
79515
79522
79537
79547
79555
79566
79617
79619
79621
79638
79644
79646
79692
79692
79699
79700
79701
79701
79702
79705
79706
79733
79751
79752
79756
79757
79772
79786
79810
79816
79835
79850
79851
79851
79869
79879
79895
79912
79926
79936
79936
79942
79947
79973
79977
79986
80023
80023
80035
80035
80043
80044
80053
80058
80068
80070
80073
80093
80123
80128
80134
80135
80135
80149
80151
80174
80185
80190
80190
80192
80219
80222
80228
80230
80240
80250
80251
80260
80261
80275
80287
80291
80295
80308
80310
80327
80330
80336
80339
80358
80373
80376
80377
80389
80390
80406
80414
80419
80423
80427
80427
80445
80450
80450
80453
80464
80473
80500
80517
80520
80525
80535
80549
80556
80558
80563
80567
80568
80595
80605
80609
80614
80617
80621
80653
80661
80661
80670
80685
80686
80696
80697
80707
80720
80724
80728
80738
80739
80741
80746
80758
80760
80774
80776
80786
80806
80813
80816
80829
80843
80851
80858
80864
80878
80889
80914
80942
80957
80977
80985
80990
80997
81014
81020
81023
81029
81033
81043
81049
81055
81058
81062
81129
81144
81146
81151
81156
81162
81187
81189
81197
81234
81236
81239
81256
81270
81288
81291
81294
81300
81309
81332
81351
81393
81399
81402
81403
81407
81440
81440
81450
81457
81472
81472
81486
81489
81499
81501
81501
81503
81514
81516
81522
81525
81527
81530
81534
81554
81587
81606
81610
81611
81617
81619
81620
81620
81625
81626
81632
81637
81638
81646
81654
81656
81660
81674
81710
81716
81724
81735
81736
81736
81751
81753
81762
81767
81770
81789
81798
81822
81823
81830
81838
81845
81853
81871
81874
81888
81894
81897
81906
81919
81933
81949
81950
81954
81958
81959
81960
81967
81998
82000
82006
82030
82040
82069
82100
82111
82112
82142
82158
82192
82200
82203
82206
82251
82261
82262
82276
82277
82280
82283
82294
82295
82295
82310
82329
82330
82333
82338
82340
82348
82348
82353
82354
82387
82391
82399
82404
82411
82443
82458
82458
82463
82493
82504
82542
82552
82556
82559
82562
82563
82571
82600
82603
82624
82636
82649
82659
82682
82685
82688
82694
82702
82705
82705
82708
82728
82746
82758
82808
82818
82833
82850
82855
82874
82875
82877
82882
82891
82919
82935
82938
82940
82944
82956
82959
82967
82986
82990
82993
82993
82996
83000
83002
83004
83014
83028
83048
83079
83083
83086
83096
83127
83137
83159
83173
83183
83194
83201
83254
83299
83301
83312
83317
83321
83325
83333
83336
83343
83345
83359
83368
83370
83371
83377
83385
83388
83394
83404
83422
83434
83438
83474
83477
83489
83499
83504
83507
83512
83518
83527
83537
83550
83562
83563
83567
83569
83572
83607
83611
83626
83626
83627
83668
83669
83690
83697
83702
83711
83751
83752
83769
83773
83774
83774
83777
83779
83780
83786
83787
83807
83808
83822
83825
83832
83852
83862
83866
83898
83901
83902
83935
83936
83949
83952
83982
84003
84039
84040
84042
84057
84059
84077
84079
84099
84119
84133
84147
84148
84156
84187
84200
84214
84238
84246
84252
84262
84265
84281
84289
84290
84293
84311
84320
84340
84344
84349
84402
84447
84461
84464
84466
84466
84487
84506
84516
84519
84526
84541
84549
84550
84567
84575
84601
84612
84627
84666
84678
84686
84687
84708
84732
84733
84746
84747
84760
84777
84779
84783
84788
84790
84825
84832
84841
84843
84847
84848
84848
84856
84857
84868
84874
84902
84937
84939
84940
84965
84974
84976
85026
85040
85052
85058
85060
85062
85067
85071
85125
85135
85139
85187
85199
85226
85229
85239
85243
85245
85269
85272
85287
85306
85308
85315
85318
85330
85344
85344
85346
85348
85350
85352
85355
85357
85364
85392
85395
85422
85427
85427
85432
85432
85443
85446
85457
85463
85483
85490
85492
85500
85503
85503
85511
85528
85534
85536
85540
85553
85558
85562
85571
85571
85581
85586
85589
85597
85599
85609
85614
85615
85621
85622
85638
85639
85647
85648
85652
85669
85671
85687
85689
85711
85715
85733
85749
85752
85753
85757
85766
85795
85805
85829
85836
85846
85861
85879
85882
85889
85897
85914
85947
85950
85960
85961
85972
85978
86028
86035
86052
86055
86059
86066
86073
86089
86089
86102
86102
86115
86115
86136
86141
86151
86159
86159
86178
86183
86198
86198
86203
86228
86233
86235
86246
86253
86255
86260
86263
86267
86282
86301
86304
86319
86329
86336
86337
86342
86363
86395
86425
86432
86441
86447
86481
86532
86563
86563
86578
86582
86588
86601
86603
86608
86614
86616
86617
86633
86638
86641
86644
86674
86675
86678
86686
86691
86694
86696
86698
86704
86708
86712
86718
86727
86746
86763
86788
86791
86793
86797
86809
86824
86847
86886
86890
86919
86929
86930
86967
86970
86996
87004
87017
87026
87031
87038
87042
87046
87079
87085
87096
87105
87108
87118
87119
87121
87130
87139
87150
87153
87162
87200
87203
87216
87225
87226
87235
87235
87277
87281
87287
87295
87298
87319
87321
87324
87352
87362
87363
87364
87374
87374
87404
87412
87421
87430
87441
87444
87453
87456
87457
87458
87459
87464
87480
87484
87488
87495
87496
87522
87523
87525
87527
87528
87528
87529
87530
87531
87532
87548
87569
87574
87581
87586
87588
87597
87603
87612
87614
87622
87635
87635
87638
87644
87645
87654
87665
87699
87700
87715
87717
87719
87720
87727
87728
87748
87750
87754
87754
87762
87777
87784
87799
87803
87814
87815
87816
87817
87826
87828
87830
87834
87845
87846
87850
87865
87882
87882
87892
87913
87953
87962
87979
87990
87994
88012
88020
88023
88031
88049
88053
88063
88096
88098
88113
88114
88117
88140
88163
88166
88167
88183
88189
88201
88220
88230
88241
88247
88280
88282
88284
88290
88291
88297
88313
88316
88317
88340
88349
88366
88367
88368
88372
88374
88388
88390
88403
88409
88414
88417
88424
88448
88449
88456
88459
88466
88469
88524
88540
88551
88556
88574
88577
88580
88584
88586
88600
88622
88630
88635
88640
88644
88645
88655
88655
88671
88674
88689
88694
88702
88704
88704
88705
88707
88722
88742
88763
88770
88772
88784
88792
88808
88808
88812
88816
88816
88816
88831
88847
88860
88879
88898
88902
88918
88936
88937
88938
88962
88962
88963
88976
88979
88988
88999
89001
89016
89021
89024
89038
89039
89059
89072
89080
89081
89094
89108
89127
89137
89153
89159
89165
89170
89194
89195
89213
89220
89250
89254
89259
89269
89278
89299
89315
89318
89328
89340
89383
89392
89397
89399
89410
89414
89424
89435
89438
89440
89444
89456
89461
89471
89476
89479
89482
89489
89490
89495
89500
89506
89506
89510
89519
89521
89522
89537
89551
89556
89563
89570
89574
89585
89615
89619
89619
89636
89648
89649
89687
89693
89705
89716
89721
89734
89735
89742
89744
89746
89758
89771
89772
89773
89777
89778
89790
89801
89808
89810
89835
89838
89847
89847
89849
89849
89871
89877
89906
89924
89925
89927
89945
89965
89980
89982
90002
90016
90029
90037
90038
90045
90067
90081
90082
90087
90087
90093
90100
90102
90114
90126
90135
90170
90183
90187
90188
90210
90226
90230
90230
90254
90261
90270
90279
90280
90286
90297
90299
90302
90325
90329
90335
90341
90369
90383
90383
90386
90386
90419
90441
90445
90452
90482
90492
90525
90548
90550
90562
90568
90571
90594
90595
90629
90630
90644
90655
90656
90656
90669
90675
90690
90709
90715
90726
90737
90737
90757
90763
90769
90769
90798
90803
90810
90832
90833
90836
90837
90837
90847
90858
90866
90871
90873
90934
90939
90947
90956
90958
90960
90963
90973
91007
91024
91043
91058
91058
91064
91070
91075
91079
91090
91136
91137
91140
91145
91146
91152
91153
91162
91179
91181
91216
91225
91235
91242
91260
91264
91265
91275
91283
91290
91314
91325
91331
91334
91348
91361
91377
91392
91398
91401
91415
91418
91420
91423
91433
91437
91453
91476
91479
91487
91493
91505
91513
91527
91529
91555
91564
91570
91573
91582
91586
91595
91607
91608
91623
91641
91647
91654
91657
91669
91675
91683
91701
91707
91708
91721
91727
91734
91748
91753
91762
91768
91779
91785
91786
91786
91788
91791
91801
91804
91815
91815
91846
91846
91857
91864
91866
91868
91873
91879
91883
91886
91899
91908
91936
92013
92026
92032
92036
92045
92071
92075
92076
92078
92113
92129
92158
92172
92181
92214
92248
92254
92277
92304
92307
92330
92340
92344
92390
92399
92434
92439
92439
92450
92455
92482
92495
92502
92521
92523
92537
92543
92544
92545
92549
92553
92556
92559
92562
92585
92592
92620
92622
92641
92668
92699
92743
92746
92763
92778
92781
92783
92790
92793
92804
92810
92811
92820
92831
92835
92843
92852
92860
92894
92897
92904
92982
92984
92997
92997
93020
93030
93030
93036
93041
93046
93057
93061
93070
93080
93083
93088
93107
93113
93120
93121
93122
93139
93147
93154
93163
93165
93198
93210
93218
93220
93221
93222
93227
93246
93250
93262
93267
93269
93288
93295
93299
93305
93314
93334
93339
93356
93363
93378
93383
93387
93416
93416
93418
93430
93436
93438
93442
93481
93481
93481
93510
93556
93558
93570
93572
93573
93584
93596
93600
93620
93635
93651
93659
93670
93674
93680
93680
93681
93685
93696
93715
93716
93722
93731
93731
93733
93733
93736
93741
93750
93753
93780
93799
93806
93807
93837
93839
93853
93876
93888
93913
93917
93972
93973
93982
93982
93987
93988
94009
94011
94023
94032
94038
94042
94056
94060
94060
94065
94082
94085
94093
94109
94117
94128
94136
94141
94153
94171
94181
94187
94196
94206
94206
94230
94232
94247
94257
94267
94295
94297
94301
94304
94333
94337
94352
94374
94374
94391
94418
94444
94445
94465
94466
94481
94485
94490
94496
94498
94504
94509
94509
94519
94526
94527
94530
94532
94532
94556
94568
94575
94581
94596
94597
94602
94605
94607
94611
94621
94621
94636
94637
94644
94664
94680
94688
94691
94691
94703
94706
94711
94714
94716
94724
94754
94757
94760
94763
94763
94779
94787
94787
94794
94844
94859
94862
94877
94877
94889
94897
94921
94935
94936
94952
94956
94966
94967
94973
95002
95022
95027
95038
95041
95071
95091
95112
95158
95164
95165
95171
95177
95179
95187
95192
95200
95202
95210
95213
95219
95228
95239
95276
95279
95286
95302
95306
95324
95351
95356
95361
95366
95367
95368
95376
95379
95380
95386
95388
95390
95399
95400
95419
95451
95473
95476
95486
95498
95519
95532
95555
95558
95593
95597
95605
95607
95608
95626
95631
95659
95663
95671
95674
95678
95685
95715
95722
95739
95740
95759
95786
95787
95787
95789
95804
95807
95818
95818
95829
95831
95839
95850
95874
95881
95890
95891
95891
95895
95900
95901
95903
95916
95918
95924
95943
95950
95968
95970
95980
95996
95997
95999
96027
96028
96049
96061
96066
96081
96093
96103
96106
96113
96113
96143
96147
96155
96162
96168
96169
96176
96180
96183
96185
96192
96219
96223
96229
96243
96271
96278
96299
96305
96308
96340
96345
96352
96374
96386
96387
96396
96411
96413
96417
96430
96441
96456
96464
96465
96465
96485
96489
96499
96500
96508
96509
96528
96538
96540
96541
96564
96566
96578
96583
96608
96610
96613
96631
96632
96647
96650
96669
96687
96689
96691
96694
96705
96709
96725
96752
96753
96765
96769
96809
96812
96835
96869
96875
96879
96887
96892
96903
96907
96913
96929
96932
96960
96963
96974
96977
96996
97008
97008
97033
97047
97051
97053
97057
97077
97140
97142
97156
97164
97179
97179
97187
97205
97221
97222
97230
97232
97238
97243
97271
97278
97306
97313
97326
97338
97339
97345
97364
97376
97382
97398
97399
97399
97411
97417
97458
97477
97479
97479
97488
97506
97516
97526
97542
97547
97556
97563
97605
97608
97615
97617
97627
97645
97649
97655
97684
97691
97694
97702
97752
97755
97778
97780
97782
97786
97789
97797
97815
97821
97822
97830
97836
97864
97864
97889
97891
97895
97905
97906
97910
97915
97948
97966
97972
97975
98003
98010
98020
98022
98023
98024
98029
98050
98053
98054
98054
98064
98075
98075
98100
98119
98129
98131
98137
98139
98139
98139
98141
98141
98159
98162
98175
98177
98179
98179
98180
98198
98200
98216
98217
98247
98278
98283
98289
98302
98308
98315
98340
98357
98359
98360
98369
98379
98400
98408
98425
98442
98444
98452
98460
98465
98480
98481
98496
98532
98567
98602
98605
98605
98613
98636
98653
98661
98671
98672
98681
98682
98688
98692
98696
98696
98706
98713
98714
98728
98738
98747
98751
98752
98761
98762
98771
98773
98790
98791
98792
98793
98795
98809
98818
98828
98841
98844
98855
98873
98879
98880
98887
98888
98891
98907
98936
98944
98951
98961
98968
98974
98991
99012
99028
99042
99089
99091
99096
99096
99097
99106
99108
99110
99113
99128
99134
99143
99145
99161
99172
99172
99184
99216
99217
99227
99231
99244
99252
99254
99294
99298
99304
99306
99312
99320
99328
99342
99346
99349
99359
99361
99362
99391
99392
99418
99429
99430
99440
99479
99495
99520
99521
99538
99539
99564
99591
99600
99606
99611
99620
99620
99621
99638
99639
99661
99692
99692
99695
99706
99731
99736
99743
99744
99748
99756
99757
99770
99776
99805
99808
99845
99849
99873
99888
99900
99900
99900
99904
99921
99922
99924
99931
99934
99939
99952
99964
99996
