2000
42
53
100
127
136
156
268
422
477
479
492
529
538
580
584
599
622
644
717
730
739
762
824
1098
1128
1271
1276
1344
1383
1510
1533
1573
1619
1633
1685
1796
1834
1837
1857
1876
1911
1956
2127
2148
2171
2326
2414
2445
2481
2522
2583
2594
2605
2683
2693
2750
2814
2838
2935
3010
3172
3177
3218
3222
3274
3283
3314
3385
3407
3419
3442
3507
3527
3570
3590
3733
3776
3843
3865
3915
3944
3965
4005
4083
4087
4194
4247
4262
4274
4317
4327
4364
4450
4553
4557
4560
4608
4619
4620
4762
4775
4805
4935
4942
4950
5070
5072
5125
5176
5240
5277
5306
5401
5414
5480
5503
5685
5788
5830
5924
5970
5989
6006
6215
6233
6258
6334
6431
6431
6637
6639
6651
6663
6706
6802
6906
6950
6973
6982
6992
7015
7079
7093
7126
7223
7287
7308
7384
7491
7530
7578
7581
7583
7591
7595
7766
7877
7886
7890
7904
7908
7913
7913
7937
7949
8034
8043
8093
8096
8160
8178
8223
8395
8407
8428
8444
8513
8531
8613
8628
8639
8682
8703
8719
8781
8849
8940
8945
8947
9000
9012
9033
9170
9180
9205
9243
9326
9493
9496
9655
9697
9709
9776
9791
9821
10015
10053
10071
10116
10125
10226
10228
10240
10249
10257
10305
10448
10507
10515
10522
10536
10634
10666
10690
10881
10882
10889
11004
11008
11041
11059
11307
11316
11369
11376
11542
11547
11552
11609
11621
11621
11693
11785
11791
11820
11908
11918
11931
12014
12102
12109
12184
12284
12345
12352
12395
12474
12527
12541
12553
12569
12649
12708
12715
12729
12760
12865
12920
13000
13007
13072
13123
13139
13147
13163
13170
13308
13358
13367
13380
13391
13460
13465
13507
13571
13608
13701
13718
13779
13793
13886
13922
14001
14059
14114
14145
14183
14297
14361
14401
14405
14454
14456
14459
14499
14503
14595
14634
14675
14741
14742
14763
14764
14847
14854
14870
14886
14891
14924
14988
15025
15035
15098
15115
15186
15203
15227
15341
15350
15582
15679
15721
15757
15859
15903
15948
15970
16087
16104
16143
16147
16202
16213
16229
16327
16362
16413
16443
16525
16624
16649
16699
16735
16775
16835
16875
16999
17032
17074
17089
17179
17385
17399
17573
17582
17628
17638
17639
17677
17857
17896
17900
17909
18084
18099
18119
18171
18229
18295
18302
18334
18371
18388
18392
18404
18428
18515
18527
18626
18659
18709
18878
18903
18948
19088
19231
19309
19324
19437
19458
19471
19477
19496
19529
19571
19585
19598
19643
19649
19682
19705
19724
19778
19822
19894
19907
19919
19920
19923
19940
19984
19995
20033
20082
20229
20267
20270
20312
20325
20326
20332
20425
20502
20562
20585
20587
20661
20671
20732
20734
20838
20841
20866
20896
20921
21008
21031
21032
21080
21172
21208
21213
21257
21268
21296
21369
21374
21410
21414
21482
21512
21667
21725
21764
21768
21812
21913
21926
21981
22001
22044
22149
22243
22361
22382
22455
22508
22514
22606
22805
22856
22932
22996
23056
23092
23133
23159
23177
23212
23301
23357
23390
23407
23442
23487
23613
23654
23694
23717
23753
23829
23879
23880
23899
23929
23954
23968
23990
24025
24042
24070
24130
24179
24188
24190
24263
24341
24360
24372
24385
24413
24425
24426
24431
24453
24459
24495
24521
24640
24644
24721
24741
24909
25009
25126
25197
25373
25375
25430
25648
25662
25667
25740
25800
25849
25871
25978
26096
26099
26107
26162
26186
26194
26428
26431
26446
26473
26507
26518
26535
26545
26687
26714
26732
26739
26850
26880
26905
26923
26951
26994
27025
27079
27103
27105
27140
27222
27375
27376
27376
27412
27470
27537
27580
27667
27695
27759
27761
27803
27895
28044
28132
28188
28214
28226
28257
28262
28281
28293
28296
28540
28697
28704
28723
28731
28744
28754
28855
28864
28969
29021
29039
29161
29212
29273
29314
29395
29464
29491
29589
29591
29598
29640
29641
29704
29909
29917
29963
29968
29971
30028
30093
30098
30173
30193
30296
30345
30404
30433
30549
30567
30674
30685
30742
30753
30755
30763
30774
30818
30825
30833
30846
30901
30940
31017
31040
31049
31144
31184
31251
31293
31297
31341
31506
31560
31618
31650
31653
31679
31718
31835
31959
31990
32083
32084
32135
32140
32151
32186
32215
32239
32354
32454
32498
32513
32574
32585
32586
32703
32715
32727
32816
32851
32853
32906
32915
32925
32941
33092
33109
33131
33144
33149
33286
33298
33314
33343
33345
33360
33429
33710
33800
33800
33848
33879
33901
33905
33913
33949
33973
34074
34124
34141
34142
34185
34220
34257
34275
34328
34345
34375
34404
34458
34483
34516
34548
34568
34573
34588
34592
34599
34690
34719
34788
34850
34871
35031
35034
35056
35070
35109
35174
35509
35540
35545
35564
35686
35697
35767
35962
35982
36022
36051
36062
36122
36208
36212
36264
36325
36358
36393
36446
36513
36636
36692
36711
36771
36810
36850
36860
36897
36917
36957
37027
37149
37150
37150
37186
37192
37307
37392
37555
37584
37587
37600
37663
37755
37801
37810
37888
37952
38009
38046
38056
38069
38145
38214
38227
38281
38305
38461
38483
38489
38597
38718
38726
38763
38774
38796
38801
38855
38861
38965
39024
39055
39246
39264
39271
39299
39325
39357
39406
39445
39452
39539
39591
39725
39762
39766
39794
39799
39926
39929
39950
39951
39969
39972
40018
40040
40153
40250
40255
40376
40422
40437
40456
40462
40463
40480
40483
40492
40517
40528
40556
40604
40678
40697
40743
40801
40900
40927
41009
41017
41034
41071
41140
41141
41230
41233
41238
41281
41382
41462
41511
41527
41571
41581
41593
41712
41777
41808
41815
41965
41989
42045
42061
42128
42142
42185
42244
42282
42285
42296
42332
42358
42425
42451
42463
42479
42674
42694
42766
42826
42868
42938
43035
43069
43199
43233
43426
43476
43503
43621
43681
43706
43708
43795
43879
43894
43965
44007
44016
44053
44057
44066
44092
44109
44144
44370
44448
44468
44558
44575
44620
44643
44830
44845
44868
44883
44933
44940
44976
45074
45143
45186
45191
45236
45292
45296
45436
45533
45547
45586
45660
45774
45834
45938
45947
45996
46066
46133
46280
46305
46542
46708
46754
46812
46813
46862
46891
46896
46916
46943
46947
47000
47021
47148
47205
47238
47387
47516
47522
47556
47668
47704
47744
47777
47794
47883
47895
47901
47977
48008
48187
48235
48300
48331
48370
48432
48447
48501
48547
48570
48645
48954
49008
49013
49035
49226
49339
49349
49356
49370
49441
49535
49553
49629
49640
49643
49697
49709
49766
49865
49874
49876
49892
49930
50021
50030
50030
50116
50207
50220
50232
50285
50289
50455
50468
50487
50511
50542
50562
50588
50640
50651
50809
50811
50857
50860
50877
50905
50949
51054
51062
51098
51125
51151
51222
51349
51352
51557
51637
51655
51700
51748
51788
51884
52080
52092
52208
52318
52360
52387
52452
52549
52572
52594
52616
52682
52698
52725
52760
52797
52802
52850
52898
52906
53007
53014
53068
53146
53166
53223
53230
53253
53376
53576
53891
54000
54029
54057
54130
54176
54195
54397
54416
54430
54461
54467
54516
54531
54565
54645
54752
54799
54827
54893
54986
55143
55198
55218
55312
55337
55340
55377
55394
55402
55405
55416
55575
55709
55729
55756
55861
55872
55925
55934
55979
56069
56074
56083
56183
56208
56308
56335
56361
56400
56427
56431
56448
56474
56474
56538
56550
56576
56579
56588
56613
56632
56648
56669
56738
56760
56782
56927
56936
57009
57036
57083
57096
57125
57277
57379
57401
57492
57496
57500
57582
57627
57636
57737
57805
57845
57923
57943
57997
58037
58218
58251
58379
58412
58435
58457
58467
58512
58665
58697
58784
58796
58859
58868
58879
58933
58946
58956
59030
59046
59112
59188
59234
59289
59394
59394
59401
59443
59460
59526
59532
59575
59714
59734
59821
59876
59921
60018
60021
60052
60068
60137
60253
60254
60387
60410
60449
60450
60457
60533
60710
60719
60787
60896
60966
60991
61098
61257
61273
61337
61454
61456
61520
61521
61534
61598
61632
61634
61636
61639
61644
61646
61686
61713
61771
61778
61883
61952
61971
62161
62168
62169
62179
62195
62271
62359
62481
62486
62525
62571
62575
62623
62664
62772
62793
62827
62961
63056
63145
63224
63239
63251
63565
63579
63689
63768
63877
63894
63909
63932
64105
64152
64152
64183
64209
64236
64284
64298
64333
64557
64709
64710
64720
64745
64830
64898
64906
65052
65077
65148
65157
65206
65252
65310
65338
65386
65401
65447
65496
65528
65554
65604
65652
65655
65738
65760
65763
65832
65852
65875
65883
65990
66059
66064
66091
66158
66249
66268
66592
66645
66655
66685
66720
66745
66809
66835
66865
66892
66998
67017
67042
67056
67233
67273
67301
67441
67589
67661
67734
67746
67839
67866
67877
67893
67904
67965
68050
68066
68094
68113
68116
68138
68160
68275
68339
68350
68405
68499
68606
68638
68659
68785
68801
68869
68872
68883
68907
69033
69169
69235
69250
69263
69344
69393
69426
69436
69589
69653
69680
69750
69827
69834
69852
69856
69894
69918
70006
70017
70132
70149
70205
70229
70296
70306
70306
70319
70419
70469
70474
70533
70630
70656
70702
70725
70728
70780
70872
71013
71053
71065
71076
71191
71224
71257
71373
71419
71554
71705
71710
71746
71773
71793
72121
72173
72175
72231
72259
72269
72299
72387
72400
72456
72514
72533
72545
72600
72610
72653
72666
72715
72768
72809
72813
72827
72998
73117
73126
73126
73142
73167
73225
73235
73275
73301
73305
73394
73419
73787
73808
73890
73937
73947
73949
73952
73957
74063
74082
74085
74136
74230
74294
74297
74313
74334
74392
74531
74693
74794
74868
74920
74968
74977
74997
75273
75280
75299
75362
75372
75413
75474
75541
75543
75561
75661
75672
75749
75858
75897
75933
75994
76071
76117
76208
76210
76228
76269
76341
76363
76376
76474
76541
76586
76644
76646
76665
76682
76701
76787
76872
76888
76888
76956
76964
77011
77028
77031
77094
77193
77229
77241
77359
77408
77413
77420
77686
77735
77752
77825
77911
77941
77984
77997
78065
78219
78232
78276
78281
78306
78409
78516
78548
78587
78594
78607
78619
78624
78673
78712
78749
78763
78814
78903
78909
78925
78964
78972
79120
79159
79210
79263
79337
79355
79386
79502
79520
79606
79648
79659
79766
79892
79909
80038
80040
80060
80149
80200
80331
80377
80508
80543
80562
80607
80607
80617
80620
80668
80672
80782
80807
80809
80880
80882
80916
81042
81089
81093
81169
81189
81255
81306
81306
81318
81342
81350
81362
81402
81411
81414
81457
81474
81488
81502
81563
81662
81665
81889
82112
82206
82251
82307
82341
82352
82363
82399
82409
82562
82755
82778
82810
82841
82886
82919
82966
83042
83059
83085
83127
83146
83177
83214
83236
83263
83264
83308
83315
83346
83415
83505
83508
83568
83592
83610
83637
83709
83923
83988
84001
84199
84204
84319
84332
84364
84406
84530
84576
84789
84945
85035
85044
85054
85088
85089
85141
85142
85143
85158
85177
85282
85312
85315
85423
85457
85625
85626
85646
85673
85811
85840
85841
85892
85906
85914
85918
86040
86086
86162
86189
86189
86260
86275
86397
86615
86632
86636
86665
86720
86850
86852
86940
86954
86961
86983
86993
87023
87035
87047
87107
87170
87178
87468
87505
87530
87531
87576
87577
87598
87803
88018
88042
88048
88115
88195
88249
88266
88268
88300
88316
88345
88365
88397
88398
88417
88439
88498
88603
88646
88699
88755
88793
88964
89127
89173
89200
89205
89294
89297
89300
89443
89453
89493
89550
89589
89603
89619
89693
89713
89745
89790
89836
89839
89850
89872
89928
89985
90010
90062
90128
90315
90369
90388
90394
90425
90462
90573
90703
90791
90858
90899
90952
90965
90984
90987
91027
91048
91064
91109
91341
91393
91412
91524
91533
91653
91686
91702
91746
91790
91840
91871
91908
91915
91977
92041
92048
92077
92112
92268
92274
92362
92371
92428
92547
92669
92727
92774
92791
92803
92841
92930
92945
92981
93138
93165
93186
93231
93252
93261
93345
93473
93506
93564
93585
93632
93688
93700
93703
93773
93856
93890
93894
93966
93972
94012
94077
94111
94202
94258
94302
94381
94415
94612
94613
94658
94659
94779
94894
94906
94920
94930
94946
95021
95197
95236
95276
95285
95289
95327
95407
95451
95485
95521
95534
95568
95577
95649
95657
95659
95795
95901
95992
96012
96027
96157
96275
96360
96362
96389
96392
96415
96424
96449
96581
96768
96838
96878
96946
96954
96997
97013
97043
97123
97154
97178
97288
97357
97398
97515
97555
97574
97777
97806
97826
97856
97865
98006
98338
98342
98487
98518
98588
98654
98839
98920
98932
98988
99028
99215
99299
99341
99344
99377
99382
99385
99545
99547
99668
99705
99746
99783
99820
99905
99911
99930
99972
