5000
9
43
90
92
133
151
175
184
221
223
253
281
284
317
339
355
366
382
390
414
441
443
446
455
481
536
561
585
589
597
619
630
633
647
662
678
682
690
704
735
735
763
769
780
785
792
799
835
861
891
925
933
968
978
984
1005
1069
1112
1113
1227
1231
1233
1273
1288
1304
1369
1390
1391
1411
1477
1483
1506
1525
1526
1535
1552
1586
1600
1639
1660
1668
1686
1686
1705
1710
1746
1792
1797
1797
1801
1805
1849
1849
1896
1903
1909
1912
1936
1941
1965
2027
2038
2056
2057
2091
2142
2180
2208
2221
2224
2227
2233
2266
2274
2280
2283
2287
2287
2320
2342
2354
2355
2393
2409
2434
2460
2463
2495
2514
2526
2546
2566
2596
2640
2739
2751
2791
2797
2823
2838
2851
2904
2913
2925
2956
2960
2961
2999
3142
3153
3195
3272
3323
3329
3332
3360
3383
3389
3452
3473
3479
3516
3528
3577
3593
3597
3617
3626
3628
3635
3645
3684
3702
3709
3713
3719
3723
3751
3752
3769
3797
3808
3812
3816
3834
3868
3923
3924
3949
4069
4075
4094
4100
4118
4127
4155
4167
4172
4177
4179
4190
4227
4238
4253
4272
4316
4339
4346
4365
4388
4402
4414
4442
4511
4517
4530
4570
4620
4624
4626
4630
4647
4653
4711
4717
4719
4763
4764
4777
4784
4818
4830
4834
4844
4862
4878
4922
4926
4939
5055
5078
5081
5100
5149
5157
5163
5165
5180
5200
5216
5225
5236
5243
5258
5330
5334
5376
5377
5385
5398
5413
5415
5420
5447
5471
5472
5480
5481
5500
5500
5526
5559
5576
5580
5597
5603
5627
5630
5646
5655
5662
5688
5689
5691
5693
5696
5708
5717
5756
5790
5819
5842
5853
5860
5885
5886
5896
5918
5932
5948
5967
5979
5995
6002
6018
6026
6047
6063
6077
6101
6117
6137
6170
6173
6174
6182
6185
6221
6233
6255
6291
6297
6299
6347
6356
6356
6370
6391
6407
6412
6474
6499
6529
6531
6537
6544
6555
6564
6596
6606
6613
6613
6625
6630
6638
6640
6657
6697
6713
6744
6785
6795
6804
6811
6874
6932
6933
6936
6947
6974
6987
7036
7070
7078
7105
7118
7138
7145
7192
7213
7236
7264
7265
7287
7364
7371
7396
7406
7440
7465
7478
7569
7592
7605
7614
7628
7633
7646
7667
7717
7786
7827
7845
7847
7848
7851
7895
7912
7912
7943
7947
7948
7982
8003
8003
8048
8066
8095
8157
8166
8177
8208
8219
8240
8262
8291
8309
8314
8328
8329
8347
8348
8350
8358
8374
8378
8394
8397
8428
8481
8484
8489
8503
8522
8527
8551
8577
8660
8669
8676
8678
8707
8718
8739
8747
8751
8773
8791
8800
8810
8849
8869
8878
8916
8918
8938
8940
8965
8979
8991
9013
9024
9079
9089
9134
9146
9150
9176
9238
9261
9268
9292
9305
9383
9391
9400
9431
9433
9451
9462
9462
9471
9482
9516
9527
9533
9579
9580
9585
9597
9624
9629
9712
9716
9744
9765
9776
9830
9851
9856
9964
9971
9976
9983
10045
10053
10059
10081
10122
10125
10131
10221
10258
10277
10292
10294
10298
10325
10330
10347
10374
10374
10396
10400
10401
10408
10409
10416
10460
10468
10472
10509
10535
10552
10593
10628
10631
10649
10669
10724
10766
10769
10808
10816
10836
10845
10871
10902
11004
11013
11048
11068
11073
11088
11095
11108
11124
11133
11162
11162
11203
11207
11219
11225
11243
11259
11281
11298
11301
11323
11375
11420
11484
11522
11549
11591
11608
11617
11643
11648
11662
11662
11664
11724
11740
11741
11764
11772
11802
11827
11866
11869
11878
11901
11916
11935
11941
11961
12004
12045
12052
12055
12087
12114
12144
12148
12159
12194
12229
12238
12238
12269
12293
12294
12360
12385
12395
12406
12416
12425
12476
12496
12497
12522
12523
12533
12578
12581
12582
12589
12630
12675
12705
12712
12719
12755
12758
12777
12783
12849
12864
12865
12865
12878
12899
13046
13057
13060
13066
13068
13096
13106
13134
13151
13185
13209
13236
13241
13256
13269
13289
13292
13293
13322
13341
13354
13358
13365
13370
13385
13445
13455
13461
13477
13497
13511
13515
13549
13592
13610
13624
13629
13631
13649
13670
13675
13702
13721
13722
13740
13765
13767
13796
13837
13857
13868
13975
13987
13994
13998
14001
14019
14037
14075
14077
14081
14082
14153
14199
14208
14238
14253
14256
14259
14297
14313
14355
14367
14386
14400
14407
14408
14421
14421
14454
14482
14482
14488
14491
14492
14503
14568
14598
14600
14674
14703
14717
14730
14735
14755
14764
14771
14809
14860
14860
14879
14891
14893
14918
14918
14973
14985
15044
15082
15087
15093
15104
15124
15153
15174
15184
15212
15279
15281
15302
15302
15429
15431
15444
15454
15461
15475
15542
15586
15589
15596
15622
15640
15650
15655
15666
15715
15776
15804
15847
15873
15876
15879
15890
15899
15909
15910
15963
16027
16031
16048
16098
16147
16247
16249
16275
16284
16290
16303
16319
16343
16348
16402
16404
16410
16428
16429
16475
16497
16516
16519
16537
16545
16572
16579
16583
16588
16596
16607
16616
16650
16675
16685
16810
16861
16876
16887
16940
16962
16973
16974
16978
16981
16987
17013
17015
17046
17049
17059
17084
17130
17156
17159
17160
17210
17211
17244
17255
17285
17309
17310
17391
17422
17471
17512
17523
17527
17532
17544
17557
17572
17598
17605
17605
17684
17713
17720
17724
17734
17762
17806
17827
17844
17867
17881
17919
17922
17924
17928
17959
17977
17985
17986
18004
18012
18024
18032
18057
18071
18074
18119
18159
18165
18204
18206
18245
18267
18271
18303
18350
18389
18389
18400
18422
18468
18484
18487
18516
18526
18534
18642
18653
18669
18681
18698
18777
18790
18799
18860
18870
18898
18909
18922
18942
18966
19111
19115
19138
19142
19158
19203
19207
19221
19252
19252
19274
19297
19315
19350
19355
19365
19366
19380
19383
19386
19401
19413
19416
19431
19435
19436
19437
19464
19479
19481
19488
19511
19527
19530
19547
19562
19575
19605
19614
19616
19627
19652
19678
19701
19724
19732
19839
19881
19883
19884
19885
19934
19980
20003
20005
20043
20057
20077
20111
20131
20156
20158
20162
20164
20181
20184
20209
20243
20300
20303
20318
20332
20350
20356
20360
20400
20403
20435
20451
20463
20466
20473
20486
20523
20544
20586
20597
20627
20637
20663
20685
20755
20765
20765
20772
20775
20839
20858
20865
20878
20900
20922
20946
20998
21042
21064
21085
21104
21124
21131
21152
21154
21166
21174
21195
21243
21255
21256
21270
21274
21283
21288
21307
21309
21325
21333
21341
21430
21456
21456
21460
21474
21476
21478
21497
21530
21564
21577
21599
21626
21627
21667
21670
21750
21760
21788
21792
21795
21833
21845
21867
21872
21877
21930
21958
21980
21987
22049
22084
22116
22128
22134
22145
22147
22149
22196
22235
22284
22299
22302
22306
22309
22314
22345
22348
22351
22353
22353
22375
22420
22473
22498
22514
22575
22617
22652
22664
22680
22699
22702
22733
22737
22756
22811
22814
22819
22859
22870
22875
22936
22951
23009
23029
23054
23068
23106
23113
23144
23171
23212
23219
23219
23228
23255
23281
23293
23315
23339
23342
23365
23368
23368
23423
23423
23424
23456
23478
23506
23508
23526
23550
23556
23557
23563
23566
23615
23641
23677
23679
23707
23722
23723
23759
23768
23776
23778
23781
23788
23789
23803
23851
23856
23889
23901
23915
23925
23931
23939
23955
23972
24031
24038
24042
24064
24090
24112
24118
24130
24132
24134
24145
24146
24167
24206
24260
24319
24322
24331
24350
24355
24440
24458
24493
24514
24521
24529
24541
24544
24558
24564
24578
24637
24649
24658
24685
24689
24714
24730
24735
24765
24808
24818
24825
24851
24856
24888
24903
24906
24927
24936
24949
24956
24964
25002
25041
25050
25052
25064
25079
25080
25130
25144
25149
25154
25205
25208
25218
25229
25262
25307
25315
25321
25328
25333
25337
25379
25411
25436
25448
25467
25477
25486
25499
25500
25519
25531
25536
25643
25648
25649
25665
25665
25687
25714
25719
25742
25748
25748
25771
25794
25809
25817
25838
25854
25868
25892
25917
25926
25930
25951
25958
25981
25982
25989
26009
26049
26073
26077
26100
26104
26112
26113
26140
26152
26199
26286
26330
26332
26371
26373
26406
26409
26424
26436
26438
26473
26485
26487
26491
26499
26499
26508
26535
26604
26618
26631
26653
26684
26684
26740
26753
26766
26771
26781
26802
26805
26807
26819
26828
26879
26891
26918
26958
26963
26991
27025
27053
27072
27083
27094
27152
27167
27197
27204
27216
27221
27228
27252
27270
27301
27306
27319
27321
27334
27339
27351
27362
27370
27376
27381
27405
27416
27416
27499
27510
27525
27530
27546
27551
27563
27645
27657
27670
27675
27684
27701
27732
27741
27745
27767
27769
27805
27849
27862
27878
27890
27905
27908
27940
27956
27989
28020
28066
28120
28134
28138
28173
28238
28238
28273
28308
28310
28311
28316
28326
28336
28347
28348
28371
28390
28394
28402
28415
28427
28468
28478
28523
28528
28539
28559
28585
28598
28638
28643
28657
28693
28694
28707
28724
28730
28784
28797
28804
28843
28846
28886
28904
28989
29051
29063
29087
29099
29106
29123
29128
29139
29141
29154
29156
29160
29166
29210
29261
29288
29301
29308
29333
29369
29376
29421
29460
29524
29550
29567
29610
29621
29621
29635
29641
29652
29654
29664
29664
29673
29699
29730
29730
29745
29756
29790
29815
29823
29861
29872
29889
29949
29973
29983
30012
30019
30019
30041
30055
30126
30126
30151
30154
30168
30176
30185
30217
30227
30229
30234
30236
30262
30263
30271
30285
30314
30344
30350
30371
30382
30421
30421
30473
30496
30511
30546
30552
30565
30567
30580
30583
30637
30663
30667
30670
30683
30708
30722
30724
30724
30735
30743
30898
30905
30926
30956
30975
30982
31017
31052
31057
31086
31161
31183
31196
31219
31225
31255
31284
31286
31342
31345
31360
31380
31392
31409
31447
31472
31479
31489
31490
31519
31539
31547
31640
31652
31690
31714
31723
31723
31723
31740
31741
31754
31759
31761
31778
31816
31842
31867
31901
31946
31959
31977
31980
32002
32006
32013
32049
32050
32070
32083
32088
32117
32118
32137
32167
32201
32255
32262
32267
32271
32302
32310
32353
32354
32367
32422
32451
32508
32523
32532
32533
32584
32656
32677
32694
32710
32713
32725
32747
32748
32755
32801
32804
32811
32836
32882
32897
32907
32914
32929
32957
32968
32975
32983
32986
33011
33137
33139
33192
33209
33222
33222
33222
33234
33249
33325
33336
33347
33406
33457
33494
33512
33524
33528
33587
33607
33619
33634
33689
33702
33742
33754
33756
33801
33807
33863
33877
33882
33914
33915
33916
33916
33961
33989
33999
34024
34042
34063
34065
34126
34128
34137
34142
34143
34148
34185
34229
34233
34242
34277
34288
34332
34346
34407
34408
34446
34449
34495
34563
34566
34568
34568
34644
34655
34665
34684
34725
34770
34794
34804
34813
34834
34841
34886
34888
34911
34956
35037
35049
35061
35089
35160
35207
35239
35252
35297
35311
35360
35367
35392
35480
35486
35558
35572
35572
35576
35578
35595
35620
35625
35680
35699
35709
35722
35732
35774
35783
35796
35799
35810
35823
35843
35848
35920
36017
36053
36058
36082
36086
36106
36128
36137
36150
36166
36220
36266
36269
36280
36341
36357
36373
36477
36481
36484
36523
36547
36562
36569
36621
36641
36669
36680
36714
36716
36763
36822
36877
36877
36879
36903
36923
36933
36949
36988
37000
37005
37037
37049
37073
37073
37086
37118
37144
37150
37160
37235
37259
37314
37319
37363
37375
37399
37427
37448
37452
37456
37469
37495
37557
37592
37618
37634
37637
37671
37677
37679
37698
37737
37743
37745
37751
37757
37781
37803
37807
37842
37895
37897
37908
37918
37932
37945
37955
38024
38058
38069
38071
38077
38091
38102
38110
38114
38156
38169
38175
38188
38191
38214
38225
38255
38258
38272
38310
38347
38352
38372
38373
38378
38387
38394
38413
38415
38437
38473
38483
38488
38493
38496
38507
38530
38557
38559
38565
38575
38634
38651
38669
38669
38671
38691
38720
38724
38749
38750
38750
38754
38755
38760
38766
38809
38819
38977
38982
39010
39011
39063
39076
39099
39102
39112
39123
39144
39155
39177
39180
39191
39206
39224
39241
39260
39263
39274
39274
39287
39347
39359
39433
39442
39491
39519
39542
39552
39585
39592
39621
39632
39635
39643
39646
39658
39660
39699
39702
39707
39712
39718
39728
39757
39762
39799
39816
39870
39893
39899
39934
39942
39945
39946
39988
39988
39999
40019
40026
40038
40039
40064
40091
40156
40204
40242
40253
40281
40298
40321
40323
40356
40376
40380
40390
40393
40396
40400
40410
40418
40424
40442
40483
40487
40504
40517
40538
40574
40576
40578
40614
40617
40629
40629
40674
40676
40703
40709
40710
40710
40711
40713
40723
40742
40789
40789
40845
40886
40909
41023
41052
41070
41078
41078
41088
41134
41202
41205
41232
41234
41244
41263
41268
41273
41277
41291
41298
41330
41341
41360
41363
41407
41450
41459
41469
41470
41481
41496
41498
41502
41524
41559
41563
41593
41615
41641
41655
41671
41690
41732
41775
41793
41799
41807
41848
41850
41866
41872
41878
41913
41918
41925
41933
41982
42054
42057
42083
42096
42110
42133
42137
42150
42167
42168
42186
42245
42255
42290
42297
42299
42361
42367
42372
42374
42384
42402
42426
42435
42456
42474
42505
42520
42524
42525
42528
42529
42539
42551
42554
42600
42626
42629
42663
42664
42665
42676
42727
42730
42746
42753
42796
42806
42866
42894
42897
42899
42910
42932
42976
43019
43026
43053
43064
43068
43107
43131
43142
43156
43157
43163
43170
43187
43196
43253
43260
43305
43317
43319
43330
43345
43399
43460
43463
43484
43486
43498
43511
43517
43527
43538
43546
43579
43589
43615
43665
43691
43701
43728
43765
43775
43780
43833
43862
43885
43894
43895
43896
43918
43932
43937
43985
44003
44010
44032
44074
44089
44113
44120
44125
44151
44155
44211
44217
44282
44284
44286
44287
44340
44342
44416
44428
44459
44463
44466
44474
44480
44534
44572
44597
44603
44606
44607
44616
44620
44732
44758
44763
44774
44783
44783
44795
44805
44831
44846
44920
44932
44957
45000
45020
45064
45109
45192
45214
45216
45262
45284
45314
45323
45348
45351
45355
45371
45395
45399
45411
45413
45499
45526
45532
45540
45599
45607
45618
45623
45673
45679
45689
45717
45747
45823
45840
45851
45865
45882
45895
45910
45956
45987
45995
46012
46041
46061
46090
46099
46103
46122
46123
46164
46169
46171
46186
46187
46207
46234
46262
46263
46284
46291
46297
46341
46342
46354
46415
46415
46438
46454
46477
46494
46545
46554
46568
46569
46570
46578
46608
46659
46682
46683
46780
46827
46831
46877
46907
46918
46946
47044
47154
47154
47157
47165
47171
47237
47244
47261
47288
47293
47332
47361
47363
47388
47413
47453
47458
47470
47524
47533
47542
47547
47550
47570
47586
47590
47594
47607
47627
47632
47654
47672
47683
47709
47743
47748
47788
47795
47798
47829
47856
47861
47934
47943
47947
47949
47951
47984
48006
48016
48018
48024
48038
48044
48069
48080
48198
48207
48207
48259
48261
48332
48339
48374
48376
48395
48415
48422
48428
48430
48442
48444
48447
48452
48453
48469
48507
48583
48603
48611
48612
48642
48657
48687
48702
48707
48711
48714
48723
48737
48748
48760
48771
48793
48794
48812
48858
48873
48877
48892
48900
48918
48938
48943
48990
49001
49042
49059
49127
49128
49134
49148
49168
49261
49269
49275
49281
49315
49383
49409
49477
49485
49491
49497
49598
49615
49619
49650
49684
49691
49693
49699
49705
49714
49726
49741
49755
49771
49774
49780
49785
49808
49823
49844
49873
49890
49896
49899
49916
49952
49965
49970
49993
49994
50022
50033
50097
50125
50131
50137
50153
50157
50167
50186
50189
50215
50219
50284
50319
50323
50358
50380
50381
50383
50399
50518
50526
50542
50547
50556
50610
50624
50627
50628
50629
50631
50644
50663
50677
50690
50691
50716
50774
50781
50789
50812
50817
50849
50855
50878
50904
50952
50962
50969
50972
50999
51033
51038
51054
51081
51094
51103
51113
51126
51168
51211
51244
51248
51249
51329
51354
51375
51405
51431
51439
51452
51475
51484
51492
51558
51572
51603
51606
51614
51622
51634
51644
51656
51660
51683
51712
51713
51717
51717
51731
51766
51769
51788
51804
51845
51850
51859
51888
51889
51911
51932
51936
51948
51959
51979
52003
52012
52035
52085
52118
52137
52147
52211
52248
52283
52301
52314
52334
52349
52362
52391
52434
52447
52485
52546
52575
52614
52616
52617
52646
52648
52694
52734
52754
52798
52822
52843
52921
52970
52981
53001
53011
53017
53022
53071
53075
53081
53089
53100
53101
53116
53122
53123
53131
53186
53225
53226
53290
53313
53344
53352
53363
53364
53366
53390
53395
53415
53425
53447
53452
53462
53464
53465
53474
53476
53485
53493
53493
53508
53513
53520
53574
53574
53604
53641
53657
53689
53712
53722
53763
53782
53787
53805
53824
53843
53851
53862
53863
53875
53880
53884
53884
53922
53938
53964
53979
53979
54039
54081
54110
54113
54135
54153
54171
54177
54204
54205
54216
54223
54273
54273
54277
54292
54305
54306
54314
54331
54363
54373
54421
54425
54468
54473
54480
54490
54495
54500
54507
54509
54528
54542
54563
54572
54584
54673
54675
54689
54690
54739
54744
54778
54780
54799
54840
54856
54890
54903
54904
54924
54945
54962
54966
54975
54980
55016
55033
55040
55044
55112
55167
55206
55253
55259
55320
55322
55346
55354
55445
55449
55487
55509
55523
55524
55557
55558
55560
55593
55604
55618
55660
55670
55684
55703
55704
55731
55753
55762
55777
55778
55802
55816
55830
55927
55948
55960
55976
55979
55987
55994
56000
56021
56037
56047
56072
56075
56127
56138
56138
56150
56173
56180
56189
56239
56247
56303
56326
56341
56391
56396
56398
56418
56473
56479
56481
56485
56524
56558
56569
56582
56619
56638
56758
56767
56780
56797
56819
56845
56864
56868
56934
56957
56965
56977
56978
57026
57059
57061
57084
57141
57154
57192
57242
57244
57258
57304
57311
57347
57372
57377
57400
57431
57467
57469
57489
57526
57534
57549
57596
57641
57678
57694
57707
57708
57717
57728
57793
57867
57875
57879
57899
57922
57923
57930
57933
57945
57998
58011
58035
58047
58049
58072
58100
58175
58186
58190
58230
58230
58261
58267
58279
58311
58334
58356
58365
58384
58388
58393
58415
58439
58448
58453
58459
58475
58491
58492
58533
58542
58572
58578
58606
58626
58637
58644
58649
58671
58695
58712
58727
58727
58743
58757
58762
58782
58782
58814
58817
58940
58968
58981
58991
58992
58999
59008
59029
59043
59061
59089
59099
59115
59117
59159
59173
59178
59241
59264
59302
59302
59329
59336
59370
59371
59382
59405
59413
59435
59439
59465
59572
59615
59626
59666
59682
59695
59707
59737
59750
59751
59756
59768
59805
59812
59814
59869
59936
59971
60063
60095
60102
60105
60119
60168
60178
60182
60184
60205
60207
60268
60269
60303
60316
60322
60342
60422
60532
60546
60593
60601
60644
60657
60661
60663
60684
60703
60713
60749
60768
60771
60797
60820
60831
60832
60890
60902
60916
60927
60977
61015
61019
61025
61043
61047
61047
61100
61107
61122
61126
61164
61196
61196
61213
61335
61402
61410
61433
61442
61442
61461
61490
61515
61531
61534
61557
61570
61585
61608
61611
61629
61658
61662
61680
61723
61765
61795
61801
61833
61854
61858
61881
61899
61904
61904
61921
61922
61958
61969
61971
61975
61990
62015
62031
62046
62061
62065
62122
62215
62240
62252
62288
62323
62325
62328
62347
62355
62356
62373
62400
62400
62417
62423
62485
62503
62504
62510
62521
62522
62546
62583
62596
62599
62609
62630
62630
62639
62671
62680
62697
62737
62749
62764
62780
62787
62792
62796
62848
62854
62890
62895
62902
62908
62929
62945
62956
62973
63031
63037
63041
63066
63079
63148
63221
63239
63267
63269
63280
63298
63305
63314
63315
63336
63419
63440
63446
63463
63467
63473
63508
63509
63514
63535
63541
63545
63564
63572
63583
63586
63592
63593
63599
63618
63633
63639
63651
63676
63710
63734
63751
63759
63775
63780
63834
63840
63844
63846
63854
63859
63874
63888
63905
63935
63938
63952
63975
64041
64047
64050
64089
64099
64125
64167
64171
64196
64221
64229
64232
64253
64259
64323
64323
64336
64367
64373
64390
64392
64412
64423
64432
64472
64558
64561
64563
64568
64606
64639
64655
64671
64680
64697
64743
64768
64857
64864
64915
64924
64977
64995
65032
65067
65074
65076
65118
65148
65200
65201
65233
65279
65337
65350
65367
65414
65424
65440
65441
65479
65485
65523
65553
65571
65578
65594
65602
65624
65630
65634
65683
65684
65687
65709
65721
65731
65738
65767
65809
65824
65825
65830
65830
65844
65849
65861
65909
65927
65958
65982
66018
66027
66041
66071
66107
66107
66108
66134
66167
66170
66176
66224
66227
66262
66300
66302
66304
66309
66329
66354
66363
66383
66384
66411
66412
66424
66426
66447
66451
66462
66473
66495
66501
66519
66560
66563
66585
66632
66672
66680
66688
66706
66785
66790
66804
66805
66839
66845
66852
66863
66874
66919
66964
66972
66973
66978
66984
67032
67043
67086
67126
67151
67170
67201
67226
67226
67226
67282
67341
67344
67399
67401
67461
67542
67559
67570
67597
67615
67662
67673
67674
67688
67690
67719
67722
67770
67781
67795
67809
67809
67887
67916
67949
67956
67986
67989
68016
68038
68040
68075
68139
68140
68147
68156
68157
68170
68173
68210
68211
68231
68235
68245
68312
68312
68313
68322
68356
68359
68365
68379
68401
68426
68477
68512
68594
68595
68639
68671
68680
68721
68767
68782
68807
68822
68830
68838
68848
68905
68927
68945
69009
69058
69101
69106
69142
69151
69155
69183
69196
69210
69214
69223
69226
69252
69357
69367
69392
69432
69443
69478
69485
69486
69492
69508
69508
69513
69521
69525
69542
69554
69558
69576
69591
69637
69645
69677
69679
69784
69850
69902
69911
69929
69968
69976
69984
70002
70008
70015
70072
70104
70133
70151
70155
70163
70194
70197
70235
70252
70283
70297
70303
70341
70364
70395
70405
70424
70430
70492
70536
70555
70563
70565
70571
70573
70575
70587
70619
70641
70642
70644
70656
70675
70711
70713
70738
70743
70746
70765
70765
70842
70868
70877
70925
70937
70957
71021
71058
71086
71117
71121
71191
71227
71289
71415
71421
71422
71425
71426
71437
71440
71458
71495
71496
71532
71532
71542
71549
71550
71562
71563
71599
71616
71617
71621
71635
71644
71646
71651
71706
71708
71715
71737
71737
71817
71819
71819
71881
71883
71907
71924
71977
71978
71979
72020
72052
72056
72058
72090
72097
72103
72104
72141
72148
72154
72155
72160
72170
72188
72196
72196
72201
72207
72245
72263
72266
72276
72316
72366
72412
72421
72431
72445
72448
72495
72515
72523
72535
72596
72609
72659
72668
72673
72679
72687
72704
72718
72739
72749
72790
72792
72794
72796
72812
72822
72829
72831
72843
72846
72861
72873
72875
72955
72959
72960
72975
72983
72997
73003
73068
73094
73132
73154
73184
73195
73228
73232
73238
73254
73289
73290
73292
73318
73328
73364
73387
73398
73408
73416
73428
73432
73443
73450
73486
73494
73521
73529
73543
73553
73558
73566
73576
73640
73658
73696
73717
73736
73819
73822
73822
73851
73859
73876
73882
73912
73939
73959
74016
74026
74035
74037
74037
74046
74052
74087
74097
74108
74140
74151
74152
74181
74184
74200
74215
74219
74228
74228
74267
74285
74293
74303
74319
74357
74358
74358
74390
74393
74404
74407
74440
74472
74494
74508
74514
74587
74630
74661
74667
74678
74685
74703
74725
74747
74815
74894
74913
74930
74937
74946
74969
74972
74977
75046
75104
75138
75149
75154
75164
75204
75214
75231
75233
75292
75305
75319
75340
75341
75347
75351
75399
75447
75448
75475
75509
75513
75542
75546
75547
75555
75559
75579
75591
75667
75681
75697
75722
75768
75768
75780
75787
75806
75833
75852
75858
75862
75867
75897
75939
75947
75950
75963
75979
76008
76010
76035
76089
76104
76110
76127
76132
76142
76204
76263
76276
76293
76304
76306
76316
76372
76372
76373
76387
76388
76419
76446
76448
76485
76486
76549
76549
76557
76577
76599
76608
76612
76694
76706
76712
76714
76729
76789
76813
76820
76855
76859
76883
76890
76898
76902
76927
76935
76957
76966
76977
76995
77001
77071
77083
77089
77103
77143
77147
77178
77185
77197
77203
77233
77245
77302
77305
77316
77342
77351
77364
77370
77406
77424
77428
77429
77436
77472
77476
77485
77485
77530
77533
77558
77609
77653
77656
77670
77689
77690
77691
77707
77707
77718
77720
77728
77729
77732
77746
77747
77754
77760
77801
77805
77807
77811
77855
77909
77922
77937
77971
77975
77987
77997
78054
78057
78063
78069
78070
78110
78135
78135
78146
78154
78156
78210
78300
78306
78310
78351
78361
78391
78435
78436
78442
78474
78486
78486
78492
78493
78498
78532
78544
78554
78565
78569
78651
78679
78703
78705
78708
78722
78812
78814
78828
78842
78848
78853
78859
78866
78888
78902
78921
78954
78963
79004
79009
79017
79045
79055
79080
79094
79099
79116
79120
79146
79164
79164
79169
79193
79198
79217
79233
79265
79326
79330
79414
79442
79445
79446
79456
79490
79491
79519
79523
79547
79548
79571
79578
79578
79597
79666
79683
79711
79715
79787
79787
79801
79811
79822
79827
79848
79873
79880
79898
79916
79929
79948
80003
80015
80017
80046
80092
80093
80140
80143
80148
80188
80206
80231
80240
80274
80308
80330
80403
80415
80416
80418
80442
80445
80448
80449
80459
80479
80530
80535
80595
80605
80611
80621
80633
80647
80662
80678
80688
80696
80709
80720
80752
80760
80806
80841
80842
80864
80895
80896
80913
80930
80963
80976
80976
81025
81032
81032
81042
81059
81066
81069
81090
81150
81166
81183
81226
81267
81272
81285
81305
81354
81363
81378
81391
81396
81416
81465
81474
81488
81493
81511
81523
81550
81555
81556
81575
81578
81592
81603
81606
81613
81613
81640
81654
81690
81712
81716
81726
81733
81743
81776
81791
81813
81820
81872
81875
81893
81901
81919
81951
81959
81976
82032
82035
82050
82122
82133
82154
82166
82220
82341
82348
82353
82368
82375
82387
82423
82440
82445
82486
82535
82564
82576
82584
82598
82624
82629
82654
82664
82678
82693
82722
82727
82732
82750
82817
82844
82847
82885
82912
82952
82953
82976
82977
82982
82984
82989
83039
83050
83067
83076
83084
83108
83121
83125
83130
83186
83204
83233
83315
83316
83328
83342
83355
83369
83393
83476
83482
83484
83491
83505
83514
83520
83553
83573
83593
83620
83636
83658
83662
83716
83721
83746
83748
83774
83783
83799
83811
83873
83907
83912
83932
83933
83937
83995
83999
84012
84029
84038
84066
84071
84094
84124
84157
84180
84199
84201
84203
84285
84370
84404
84421
84458
84473
84479
84517
84522
84531
84541
84554
84588
84612
84633
84662
84664
84666
84678
84684
84742
84750
84755
84769
84772
84773
84776
84820
84844
84875
84892
84908
84949
84955
84976
84977
85011
85039
85046
85061
85064
85067
85113
85127
85130
85138
85191
85194
85261
85269
85288
85312
85322
85323
85370
85407
85407
85472
85499
85513
85516
85529
85578
85599
85620
85643
85644
85655
85663
85672
85698
85709
85710
85755
85758
85775
85786
85802
85822
85822
85824
85841
85857
85881
85889
85903
85915
85949
85981
86035
86059
86086
86102
86122
86130
86163
86182
86195
86197
86246
86254
86266
86269
86283
86303
86334
86345
86346
86349
86369
86399
86429
86446
86484
86490
86571
86585
86586
86618
86653
86668
86692
86698
86772
86792
86795
86883
86922
86926
86956
86959
86971
86986
87007
87013
87074
87093
87097
87125
87141
87146
87149
87166
87167
87180
87184
87191
87202
87262
87311
87340
87357
87381
87403
87404
87406
87434
87440
87452
87518
87523
87529
87534
87597
87600
87609
87616
87622
87641
87671
87691
87697
87697
87703
87744
87754
87777
87820
87820
87843
87858
87869
88000
88006
88020
88037
88037
88046
88049
88067
88102
88130
88148
88181
88188
88239
88251
88258
88259
88275
88279
88291
88293
88329
88334
88345
88401
88441
88470
88499
88533
88538
88539
88544
88548
88562
88564
88580
88590
88609
88638
88642
88708
88709
88713
88741
88760
88765
88773
88791
88803
88816
88840
88846
88847
88851
88865
88878
88896
88919
88925
88937
88978
88978
89024
89046
89049
89054
89083
89089
89110
89128
89172
89216
89219
89238
89282
89283
89295
89321
89342
89354
89360
89381
89383
89391
89431
89471
89481
89505
89514
89556
89596
89622
89627
89634
89662
89767
89779
89781
89800
89813
89843
89882
89908
89934
89944
89978
89986
89994
89998
90013
90044
90049
90063
90067
90069
90075
90079
90141
90171
90207
90231
90330
90349
90380
90384
90384
90387
90404
90405
90418
90420
90433
90441
90498
90502
90523
90526
90566
90567
90578
90580
90622
90624
90646
90692
90704
90715
90760
90772
90791
90793
90825
90869
90870
90892
90908
90941
90953
90955
90962
90984
90999
91015
91018
91067
91095
91118
91150
91152
91172
91225
91282
91296
91317
91318
91503
91510
91530
91543
91550
91552
91561
91639
91685
91694
91714
91721
91734
91746
91760
91865
91875
91931
91944
92012
92015
92041
92042
92059
92059
92074
92100
92118
92118
92159
92179
92225
92230
92233
92288
92325
92355
92418
92425
92448
92456
92487
92503
92507
92517
92560
92570
92638
92641
92642
92660
92668
92669
92688
92692
92711
92741
92756
92760
92808
92827
92836
92864
92913
92963
93000
93039
93053
93091
93139
93141
93143
93158
93178
93200
93224
93226
93243
93289
93307
93316
93319
93357
93391
93392
93407
93428
93429
93462
93466
93520
93529
93539
93548
93549
93622
93628
93664
93680
93693
93698
93698
93701
93704
93742
93755
93784
93799
93802
93808
93830
93881
93905
93905
93931
93931
93997
94019
94060
94074
94102
94115
94161
94185
94197
94254
94275
94285
94324
94339
94342
94365
94370
94381
94398
94426
94459
94502
94571
94581
94582
94591
94605
94609
94611
94620
94639
94647
94664
94665
94667
94715
94743
94753
94754
94777
94831
94875
94917
94921
94948
94951
94958
94974
94978
95002
95024
95030
95074
95097
95108
95125
95132
95153
95189
95205
95205
95228
95249
95259
95335
95336
95385
95387
95396
95405
95407
95412
95428
95438
95473
95473
95483
95508
95521
95554
95563
95606
95655
95677
95683
95688
95737
95750
95760
95782
95806
95807
95808
95824
95852
95862
95874
95880
95906
95921
95952
95979
95997
96014
96064
96065
96096
96121
96145
96183
96184
96187
96221
96234
96276
96294
96300
96331
96333
96347
96365
96369
96382
96457
96459
96479
96502
96533
96550
96565
96573
96581
96609
96620
96668
96679
96697
96705
96708
96724
96759
96777
96784
96794
96797
96800
96835
96843
96889
96964
97000
97027
97048
97084
97090
97100
97111
97147
97151
97154
97160
97195
97217
97220
97246
97252
97270
97276
97276
97277
97306
97318
97354
97361
97392
97407
97427
97476
97477
97513
97530
97544
97554
97555
97566
97572
97573
97581
97585
97592
97594
97595
97604
97637
97667
97703
97773
97783
97792
97821
97856
97919
97932
97978
97992
97998
98023
98027
98097
98115
98124
98128
98137
98164
98210
98232
98254
98305
98349
98359
98395
98398
98399
98403
98463
98466
98469
98480
98517
98542
98565
98572
98574
98598
98610
98640
98668
98678
98749
98753
98805
98814
98835
98845
98872
98891
98923
98999
99010
99015
99079
99085
99091
99102
99102
99139
99142
99159
99159
99190
99206
99213
99260
99261
99264
99290
99336
99344
99353
99355
99359
99371
99403
99406
99415
99418
99435
99460
99467
99468
99494
99516
99533
99560
99594
99614
99623
99645
99659
99661
99745
99754
99758
99761
99768
99772
99786
99855
99855
99867
99914
99965
99967
99980
99985
99989
