500
148
471
490
611
1112
1184
1896
1976
2351
2465
2644
2656
2876
3117
3145
3239
3519
3862
3886
4324
4344
4577
4893
4896
5024
5169
5460
5612
5627
5756
5765
5785
5911
6031
6763
6953
6956
7065
7075
7244
7297
7582
7904
8347
8382
8714
8813
9092
9156
9271
9355
9518
9538
9543
9650
9684
10207
10238
10403
10794
10880
10992
11423
11655
11891
11945
12103
12637
12751
13248
13546
13672
14001
14117
14845
15238
15411
15745
15812
15970
16450
16564
16754
16943
16955
17209
17349
17782
17797
17799
18258
18361
18398
18611
19447
19497
19729
19815
19869
19965
19978
20221
20243
20372
20556
20846
21204
21302
21398
21678
22085
22207
22270
22277
22407
22706
22931
22978
23039
23267
23496
23646
23700
24325
24432
25100
25330
25494
25540
25720
25762
25804
25930
26009
26160
26647
26938
26947
27062
27115
27251
27794
27805
28130
28782
29373
29425
29690
30107
30145
30338
30819
30937
30998
31333
31379
31618
31622
31784
32194
32278
32302
32585
32706
32706
32801
32993
33258
33466
33550
33677
34207
34294
34517
34688
35181
35551
35722
35873
36113
36302
36437
36445
36584
36777
37052
37236
37286
37436
37488
37505
37883
38270
38313
38549
38721
38795
38819
39115
39168
39292
39387
39693
39849
39883
40015
40201
40282
40441
40772
41395
41434
41625
41705
41714
41864
41915
41966
42192
42220
42251
42535
42934
43000
43462
44111
44562
44642
45021
45130
45198
45702
45751
45782
45988
46406
46474
47246
47262
47304
47436
47558
48050
48444
48684
48876
48895
49454
49492
49515
49833
49899
50046
50123
50489
50515
50648
51101
51354
51370
51378
51421
51452
51643
51784
51911
51960
52465
52759
53193
53325
53358
53430
53578
53955
54167
54398
54417
54533
54715
54955
55691
56227
56257
56268
56463
56475
56492
56501
56595
56614
56862
57230
58088
58246
58438
58668
59062
59122
59871
60059
60111
60390
60476
60486
60518
60693
61157
61198
61486
61528
61662
61762
62272
62547
62664
63019
63023
63093
63238
63405
63462
63477
63854
64125
64205
64382
64488
64608
65104
65435
65462
65548
65608
65942
66831
67225
67254
67452
67744
67829
67918
68480
68544
68710
69117
69205
69252
69355
69549
69815
70054
70382
70509
70514
70782
71087
71130
71546
71584
71691
71909
72129
72302
72304
72505
72670
72840
72944
73068
73162
73270
73352
73443
73646
73654
73744
74826
74834
74925
75041
75301
75396
75741
76063
76220
76359
76393
76462
76641
76887
77085
77734
77746
77836
77985
78061
78513
78549
78726
79004
79221
79276
79677
79842
79919
80119
80185
80388
80793
81238
81286
81927
82225
82335
82742
82767
82771
83029
83054
83098
83145
83148
83568
84295
84632
84678
84681
84801
84972
84995
85174
85226
85449
85473
85609
85847
85855
86054
86228
86953
87368
87559
87582
87739
87863
87889
87922
88198
88565
88574
89434
89447
89815
89918
90514
90653
90991
91089
91176
91238
91290
91714
91808
92543
92662
92695
93667
93878
94101
94162
94163
94168
94190
94390
94647
94710
94832
94859
95024
95140
95270
95581
95676
96027
96643
97300
97755
97788
98224
98426
98624
98757
98817
98898
98919
99252
99523
99732
99924
