1000
91179
43542
56540
37456
69811
94947
54958
34931
17499
99165
5066
94558
99993
37326
29826
94732
26297
7552
87062
37940
96068
47009
31612
93323
54063
31961
97722
32661
92009
78592
58323
12899
75993
69875
82617
69761
34019
3128
8696
65051
71245
83973
82111
73437
11899
43124
73438
20457
52103
64816
95577
68136
12173
45304
32098
40038
31792
14403
75850
69855
65932
57802
30445
9936
21664
25223
4175
57773
17411
79227
6694
84874
24440
37827
15545
43307
11542
34515
70662
9988
22474
63327
30790
98429
78531
17522
47775
11107
15653
19082
69810
11185
33770
17582
30664
42341
48392
20544
38416
75474
69741
35132
21807
8943
38801
41702
79141
75160
52100
69961
86578
77814
85827
30466
56511
61999
32084
74264
36409
55159
49998
57695
34484
95762
11755
82949
54180
87970
22371
29686
51303
29246
66335
78683
60581
61298
81381
78806
25723
76941
1368
71084
69463
71585
51960
24435
43309
79402
34239
32301
40466
72537
47174
45108
92912
88238
95828
72209
50411
40009
98570
44198
17732
33993
99679
94210
20693
49
39923
76715
13001
30960
71007
50094
69289
45123
44918
65583
51029
70675
28678
80938
5669
11169
482
69960
42424
77337
27534
26067
21265
50737
58753
41372
39308
62513
82226
52287
56542
921
4450
50035
48480
34484
57193
76432
61401
56720
99359
69886
15375
7354
64014
44016
64824
84771
53945
75017
7843
34606
67960
52226
56436
7408
21245
45064
5824
77871
17096
14253
81682
48357
80122
75786
69217
44759
79098
21257
46892
27877
88769
90548
28954
96379
94003
26753
33703
44792
38684
65989
79060
71919
26077
99478
34750
10248
4025
12774
69533
74654
66281
27224
87644
39757
88306
88683
83993
90790
55711
2449
49872
14453
49713
74370
26891
10101
52502
87198
56145
19642
40884
58462
94068
68577
69615
26883
93679
37130
72530
9634
48826
55724
32867
1890
31057
63322
5653
19487
76449
93710
82789
51748
66869
42119
65098
51012
20036
9429
91227
25304
17225
34555
10563
45633
49244
16724
42053
18447
47253
83455
84083
58750
65555
8903
81747
27146
79176
60802
55802
14816
69306
32767
54938
27832
82949
45098
76019
85854
76508
57087
12524
88952
10765
17769
17150
265
60511
79101
25749
24595
88303
92679
95517
80978
22241
14502
25342
85180
66824
45360
89531
50125
97435
65710
15031
89397
93920
39329
46194
15385
84495
9162
58325
41729
32682
70798
84173
22696
95796
32075
59210
75383
15683
75014
27416
24566
36311
81281
12991
44594
78200
10355
50013
91832
11494
30581
33626
3686
90974
40652
87079
36006
45197
78340
59233
22559
37115
39384
42762
40347
56897
5646
96711
89298
78393
58033
41100
48006
54777
15109
42964
85544
34211
47259
32637
40235
50102
93690
18977
51048
72397
13851
44473
72616
18945
88889
17142
81139
34886
701
92760
89959
21916
30841
30462
33562
94587
9197
41599
92515
73558
69370
18229
81223
12236
97625
46685
9688
93213
38553
20358
51150
33157
75474
82153
82916
46289
63989
34605
75315
75967
25854
96405
64759
5511
43963
48281
15926
13377
737
92517
86640
14894
85640
42119
695
30220
79023
57106
56914
33012
56833
84464
26589
34800
61144
48952
3498
16800
1405
65027
78807
25257
81637
81527
43878
70622
34914
35109
87279
67220
88736
59512
41186
82378
87147
86451
91501
75542
82557
84839
19488
35991
80056
79100
42900
75165
1285
14410
75582
66932
96003
10091
57791
99503
16404
99783
31000
62012
38140
41754
68203
16276
90406
1698
34166
82407
47038
18765
21459
58084
51317
87386
39147
22698
60923
49989
26072
21071
35889
18802
26895
87602
22063
39634
87739
45104
95023
86834
61750
24783
96130
65647
85586
90893
88744
59694
62660
25641
37964
54688
36920
24516
19961
37431
84640
62458
85448
23548
27920
29095
4906
67163
77894
4804
83970
75816
58473
53805
24894
11415
77173
37368
31886
48856
61956
75874
79914
62235
93151
29336
72187
73105
6626
94419
65196
47914
70162
58215
54208
20567
74193
59501
97098
85185
25276
56433
15072
69919
43859
21716
64496
76872
3292
34536
55891
85150
25336
88066
74435
51236
76836
6901
19308
8289
17031
42937
26890
32747
72317
74398
80764
69033
26730
22289
91193
83181
6212
6368
40893
55418
41166
21914
23429
34979
42408
32011
29885
25461
50705
1550
17948
46207
6552
23245
31566
12216
68246
92344
46626
63512
72038
27973
17422
97826
81421
68892
67362
54861
89175
60068
44498
4078
2186
48128
46383
85791
78507
9845
4111
77180
98953
19516
32222
16550
4156
88427
55506
67700
49211
10965
47074
13251
15807
58393
78257
33533
33583
37140
91236
82900
74444
36477
41467
47852
37083
97427
31926
90012
45024
89759
20737
95851
61916
23583
67973
25096
99514
95612
27483
80565
44635
96364
16387
7798
67726
27117
49536
2082
48012
26898
5729
50707
70597
91116
60327
98478
21539
75395
10657
29445
19096
39720
35855
78210
14258
19807
85355
9917
68780
31868
42930
33001
14514
82937
6075
69532
52030
78150
53115
63287
2575
92845
67385
49668
42385
98948
66191
75797
368
39312
98269
47106
50387
80458
27698
73407
64880
1482
84959
34223
66623
74468
83477
3433
99081
5664
76648
23799
87815
35928
13495
51978
51186
13485
9105
89160
82120
6242
18774
18624
9599
64280
88332
82882
94311
86335
59558
78409
78061
53749
60823
23456
31665
80674
86481
93684
58017
23214
86521
41097
39553
79007
94378
47308
31958
30204
26598
29950
76049
32439
59948
35932
44317
64868
13737
33247
23585
26442
63389
55683
47742
57179
28783
81396
31874
37935
25978
12950
47866
33131
94015
10277
61204
62911
30155
22241
72991
21009
10252
82640
94441
31809
65838
58880
24077
23128
93236
6545
57946
62038
92879
68535
43131
14046
61532
13699
5534
1064
78843
59955
1781
79298
84315
10576
65065
17811
50381
73495
33121
63143
31496
80192
34622
68160
64656
32540
91895
67874
19930
97522
14155
36877
69206
46165
10181
31530
96998
63247
87276
99658
19816
5705
3255
11167
91078
36553
77129
48870
90085
20733
19997
42995
5371
59851
5647
76552
57042
8468
38884
31076
99021
74391
81773
10331
78579
74881
64438
28198
96632
13763
92879
76422
17953
19839
97705
26041
33751
47379
17177
88300
75316
3355
91668
16327
38014
54291
56345
96362
11955
57234
91806
90617
68302
31953
85984
21252
25715
75876
774
14347
22952
70580
26567
11104
31000
79816
38561
89597
50771
