10000
56430
90839
85369
93170
16909
75647
4630
49790
9583
81634
37687
19863
86209
21841
1850
98437
701
46416
85912
59930
14702
53939
11501
91152
97345
1355
41718
79741
79610
72372
94738
63037
49332
51931
81074
29128
23547
22276
23179
60721
44682
35366
49270
65046
96562
95321
47906
97963
44756
43467
939
88784
358
33247
67235
46788
4160
46468
13239
28663
88571
56161
94250
19990
91131
79437
87554
77390
1690
20610
38336
75721
60643
37115
15838
67670
96439
84857
72277
10728
22054
36135
57267
79413
6535
69685
90429
64319
59289
48308
76599
71594
36162
54972
92067
76136
70139
4037
26380
49152
75577
16936
46877
1781
8988
36944
88330
32159
94522
32729
76617
37208
97729
33903
60071
95672
106
82440
32616
83321
72769
62613
71901
67119
54088
84469
78007
51818
81284
76351
70520
70819
61548
64258
25882
70747
74901
93757
11391
14795
79071
4437
56972
48354
66006
28476
87338
17720
22829
79381
70500
73765
39419
58892
16562
36658
3072
47318
81080
94508
36753
23974
5672
23695
51949
82399
78953
83232
20771
15704
93119
5721
84441
4531
7458
76070
26502
77186
81838
46885
12068
47078
95387
72176
66326
91015
12763
86386
73986
71688
30794
62490
22533
27253
45000
22672
49342
19268
34021
54027
71155
5504
92439
35117
67821
97762
65616
81793
47801
10641
51208
75659
78353
70603
30354
38609
4651
5761
82906
5612
23973
72430
53331
39163
98006
83622
42124
44515
48542
8133
28438
58694
66295
35801
97598
96872
11946
17992
71085
20696
64495
10386
3937
14419
29284
2523
18234
41213
9552
91352
33728
72098
36536
22832
30338
70488
53409
55153
37984
71993
7226
98610
34968
57141
83344
59554
27549
97320
52052
17001
76252
75191
41591
74007
42272
97597
38699
53517
3962
75736
48767
11910
89961
86673
62601
64034
52705
900
98042
11021
51873
45560
80214
2646
30719
98812
35381
91989
10171
47162
97619
39945
67958
27483
42492
19028
47578
2242
26684
21299
69720
78938
14353
42222
68642
66576
1323
60680
89127
65776
56935
39616
15048
89033
68889
29980
65709
61304
21107
41111
8541
15517
80222
48357
46338
88283
9646
11336
62807
6401
64567
16210
65263
13428
91544
81750
61577
10840
6437
33073
63052
61706
38085
70600
51823
81903
62399
76677
97974
80388
37784
26194
35158
73605
91852
934
77801
37473
5366
75164
24704
27365
88138
29733
74187
96260
607
63426
48864
19863
39191
69513
97243
2091
28134
67938
31487
56492
63047
84488
21619
56779
45581
12009
38358
59850
19271
51801
97465
28154
14753
60697
13898
96983
57590
81846
30267
45022
9884
64504
72717
13482
41951
14989
731
96031
3968
74317
71890
70065
95240
96204
37798
56983
49862
9532
1155
98162
4493
33124
68752
83312
36593
45020
94708
3345
59311
45842
76140
93214
79467
56834
29399
48127
58896
85417
29023
62354
19024
13686
36447
9186
83507
53076
46581
49167
49444
68766
34711
31204
44047
24545
39635
38276
72898
69306
86341
63442
4693
20294
53201
21774
19097
21533
91992
44161
61408
54928
36803
14531
87544
56566
23477
50451
61200
93323
77991
61720
228
62204
89295
60697
94760
58396
29964
80775
17065
19869
46571
70446
50649
11433
13820
70379
90113
11831
47656
43498
52377
94860
98599
46706
79816
71815
62892
53880
22375
29207
24641
27802
1537
77361
72253
21920
62197
37797
28598
76502
19982
4307
88234
53058
6916
46076
46976
25686
75556
46596
43676
54251
58365
89599
58294
20795
16500
61209
43115
79822
84563
6894
50260
55608
34961
2808
86242
61380
73428
85505
39977
54495
65280
7938
89088
30524
21059
26276
87888
9454
43182
3085
61016
85021
69110
12639
43676
53966
88756
83121
16952
92835
67149
55893
48102
7126
74632
52571
85940
8499
25533
78991
55628
23790
38193
23178
62217
8685
95964
1324
7072
37560
18126
33907
38796
81270
50031
31673
48715
40074
34785
1601
56070
46644
3573
19225
83449
73602
19220
17906
89630
13935
63235
50933
21798
26948
53346
16074
421
56684
23344
49278
88922
64064
79822
81440
35556
63359
56207
21892
40555
71186
53312
9443
94572
3085
27372
8181
33357
50461
65489
29012
42853
36772
1285
74933
96965
18678
33179
13686
11019
68390
45015
34548
40607
40898
31687
30039
44246
42126
39749
22311
2242
18713
57788
29054
37523
83885
43584
2901
59381
91627
17816
17021
85094
16865
65046
4739
63283
12728
47343
58603
33297
831
74911
69589
94338
69084
89052
70875
28418
31932
84128
2519
93243
16029
60584
4094
99337
68833
60209
63656
53423
17437
63987
85775
34102
45488
93758
69827
55977
43995
99341
52071
5994
66527
98871
52803
63813
60920
65976
25905
71952
85199
79302
29096
65588
63920
60468
24858
66382
71246
59076
107
6056
91590
6243
86981
10510
79436
9203
98037
78750
56001
1089
83721
49654
48281
3560
37963
33301
76232
98477
91621
1748
43493
48329
9965
65502
78637
9725
73146
76966
21510
68063
66945
89208
89697
75489
84877
56498
82187
71503
27038
655
70032
32965
61828
44148
53059
6376
91817
82066
6117
99036
69054
98484
34487
63791
9278
64872
24347
30144
33540
3547
36483
66223
96541
95220
37908
60614
63442
32551
38060
10872
98556
63793
79371
34910
21166
47633
65220
68039
19421
50480
63216
7043
41981
99841
17708
80922
62622
24933
57102
42060
9421
54885
23692
37399
59624
59868
48307
32658
17178
86043
57734
91568
26949
59077
17877
96350
34012
57245
99681
70746
47187
57254
70562
90940
35073
82407
56403
4196
48825
45630
66782
10521
12163
17180
47752
92933
4128
8533
38762
55649
31614
41374
4570
63882
63197
74538
56761
70760
26343
55094
99846
34430
37493
47536
90980
14079
19565
92002
12111
35050
35970
3447
87130
60668
96536
75951
40081
29395
38877
14734
98097
17521
94642
52987
9592
19567
57199
30335
28584
46616
60984
35335
65343
2019
5627
18262
76204
80812
61814
76733
73478
86073
74767
57906
60141
63634
62527
10762
47167
11436
22837
75862
98864
89029
67364
25892
31450
45423
28243
23133
95170
92688
25313
22774
98516
98580
94675
76198
54060
50188
58491
35893
5392
69017
78635
37639
33430
14461
86964
50636
7927
55126
26298
97035
8747
59453
97418
34704
15807
63460
83030
7983
83482
56163
77644
25052
12959
61044
18720
21739
38269
75999
38202
30915
17112
75487
50134
61807
36522
3473
73195
66528
59659
13085
97385
47691
79877
90654
88681
95620
50562
62233
26783
61793
64125
99201
75977
6304
93280
2272
54069
97029
46534
74673
68059
25482
92816
44092
69417
48801
94511
67180
1775
33431
21090
33573
23970
97695
69081
45360
94167
78730
40895
28141
6218
78327
49948
65192
42000
41310
19725
39739
91318
33491
6046
19620
23459
91921
91440
3347
83331
61763
21988
97758
82008
48632
33776
47869
16085
2362
31317
62736
12787
93206
95396
61228
52764
13137
36564
25069
18618
96819
46405
86095
95590
97849
85594
76729
65312
10624
34841
22794
64993
26882
96892
83277
62382
4902
8827
28166
6693
9621
23902
80927
20369
7240
92313
43995
90228
68775
92192
22782
28818
92556
64122
59155
45496
87760
99530
73583
94946
28860
88014
81169
43620
85212
84381
99575
81111
93047
59676
53001
12061
56952
33068
96107
91775
43644
693
91025
94629
53940
43468
25421
66187
62228
81361
28252
8591
89404
26672
81113
81953
85086
17650
15793
7088
60292
4112
62376
42456
68749
83856
736
68500
92850
21561
2872
84553
99054
18102
48146
66139
9540
83094
21183
51757
95525
56534
88382
97029
50156
16635
16571
3114
33686
25688
65462
39956
55137
45923
57891
88283
55724
29072
87264
19332
72932
51842
98991
3831
2980
31285
46199
84722
5367
22501
8613
44960
48478
63442
46000
10311
685
47940
53129
42703
57125
79957
37714
32367
52740
17318
8754
75787
15995
63396
68424
86731
56913
94782
6024
54313
87698
48230
97055
94609
73513
21307
18317
94680
10598
50217
12115
26719
11402
40712
73415
68629
57161
15498
49346
55857
62086
25651
91589
54302
39298
60025
15115
98658
57093
73111
59910
10380
47849
30328
77060
86801
12074
88113
10361
31714
7046
68742
86674
6825
68215
72343
86525
74207
4724
46275
48474
88017
73929
55202
84990
64275
68105
3405
78111
68181
91597
23455
56217
72529
92890
50055
34704
63344
66158
22641
63356
32860
99007
53773
9304
10603
69627
11114
53459
49400
66020
83588
31067
68217
62263
2681
57871
22707
82122
72047
20294
78495
8161
9920
82351
87644
50219
95691
31851
5342
65677
92315
30329
25853
92575
86071
90720
71913
44558
59223
27079
25311
23335
7316
70434
909
5934
8219
4007
12546
24741
37242
50779
43872
36186
86484
29942
26212
22927
73670
82284
19238
66275
37981
17030
83435
70560
82450
33892
40221
6475
88924
76993
47847
83948
60906
76739
95864
95440
51641
57485
95832
3087
3588
24926
41108
35923
33039
228
56595
79725
90105
63542
65638
18293
16570
51310
12167
64454
6050
64956
48348
3982
78450
59738
13002
41593
92619
68422
50922
85306
13122
88695
47974
31720
54703
2916
2094
27431
10092
46154
69038
18837
83846
29643
69959
44602
80364
6278
70369
43357
75372
79079
22174
28430
79583
33558
92909
30388
58376
52765
47009
8215
5996
61950
82403
70744
5830
55831
72012
71474
54366
52312
62765
47434
29266
44494
54312
74688
36247
18973
80899
43135
61107
29874
99140
79993
63421
4255
15589
7428
27087
81453
29639
37740
57595
2548
89801
58441
28177
59199
24121
77103
73513
2856
8698
59397
49013
72671
66020
90544
97244
47654
17813
29442
99302
33301
33762
67395
5720
33086
76665
19547
84859
14775
89886
45403
91033
97627
61917
40919
7041
91728
25273
12070
3451
53453
34261
3198
28926
82361
12546
3592
26145
22039
67314
84523
58046
52463
16849
81512
30122
41399
92209
78804
28026
1038
80531
12836
91398
50968
69126
2750
33274
51169
64071
17131
93326
24498
49302
27069
21563
27102
62498
21563
62360
89409
55435
7758
48991
68895
88303
92435
27873
79498
71466
81925
91139
84812
94377
15856
73749
5625
35410
84870
59519
91679
4001
18543
16214
54988
33337
5245
52946
12985
12181
96356
90360
26787
61280
18665
4782
20112
76006
62472
12009
30123
80529
77913
78646
68679
23381
43667
60012
76275
3015
61548
70912
9742
64973
36911
12742
14496
8320
19440
25470
5954
74879
88060
51623
26416
80002
21658
44972
85831
55538
45092
81830
10871
435
44883
47077
47646
80515
86383
199
56493
26450
56946
46959
32001
98663
52401
61315
43252
79215
3632
84268
70136
95508
2614
50599
22763
80026
63899
96133
43262
90727
69698
72467
15289
94915
24570
43304
84948
66564
99802
65767
68213
70359
68609
29265
8902
12453
75957
84134
1660
83464
98766
19502
53942
47579
82293
8496
85375
8880
30327
37148
63122
33737
48838
47172
21790
53400
71542
37971
51669
12792
57257
41439
92709
62866
62895
11864
1352
81551
68314
6240
47198
32678
3036
33397
42388
25239
12264
60320
79467
89700
78848
9235
47984
26284
32367
64893
43237
91362
27073
35771
92974
34496
53188
92913
66272
68300
94259
33005
87200
86852
59687
99759
56240
47326
85757
1334
61908
49375
82560
99849
37365
93120
20041
85326
3889
20836
77565
92191
62003
34868
91349
42
2996
18456
58503
69195
61422
47907
19206
79941
34914
50232
996
83571
31152
66206
70720
36529
75393
46016
40838
16141
7268
11948
4932
81749
1420
7962
57045
89345
78358
82542
2264
56361
56853
27078
7486
9117
94611
42004
76654
69634
58853
39146
64091
64341
91974
46307
5975
67860
61128
47804
63609
62875
88730
36409
65574
75044
56418
93760
10385
2405
93562
89047
45181
17628
10421
79801
15466
55561
61153
53354
72995
81430
87724
1147
46674
77544
94829
19604
63522
38247
9094
5111
27493
45669
28457
45987
60370
67052
57118
55590
67395
77213
63412
73307
62497
26550
72591
20784
1095
63425
57358
17785
66292
52322
15263
68112
89878
77175
48837
26418
14631
72969
33590
32998
98448
67725
77406
49836
55460
11807
89932
95404
50052
50183
34
36401
95208
89165
29510
27536
34923
80704
58005
1683
879
34208
72239
83702
81051
59505
88101
87327
94278
93759
63371
25238
13728
46210
4687
91564
24757
70095
70121
65701
38182
20003
71006
83313
6733
88745
26895
16184
52746
4788
29028
4635
84900
32231
18748
25243
91439
53717
93069
1520
27058
86619
46818
64272
90930
57460
83707
71667
74401
9614
73668
52947
9713
34104
66277
45255
27231
92003
37062
55143
60503
16409
13231
79327
35447
49248
58249
58836
62084
27807
52021
29482
66653
74659
93090
82846
87295
40591
61757
44113
81086
76949
85575
72439
94219
70971
13427
86076
24153
75800
40340
95349
11321
92008
69874
56525
85132
14960
55948
6611
19588
57843
96259
74249
87889
68384
35108
12461
28767
50945
4347
12919
52065
45530
56765
53285
58553
11328
75304
23169
21536
58438
4982
26448
51588
70229
55343
42942
25713
58616
29326
3116
58607
38157
1388
20085
19974
10612
30806
16282
65640
50759
31181
33341
99277
404
3937
40275
13550
14440
9917
78484
22199
68522
15912
97227
27813
89673
74352
71592
12510
84061
8738
85002
78230
74581
44921
5243
81237
63680
55532
96719
19630
46438
71702
14633
71841
57673
51956
83715
82944
53321
92707
24346
71780
95660
74908
47913
3290
17775
41478
7561
96656
9389
92359
6703
94435
92989
49432
57943
78879
1888
88251
9515
12879
74124
27497
80002
95503
27055
64252
78174
48941
76511
19523
2935
43902
80844
61472
54962
74730
50304
91154
67444
37076
11205
76679
21408
61099
1407
48365
30342
88091
92646
55155
27405
48495
29833
20689
13122
92759
11040
41671
37589
67240
56005
901
88024
22470
33416
57663
10357
96796
4859
37520
81362
77957
72383
75673
76663
10296
91018
6348
64808
82125
89549
8015
82071
47771
32175
9210
22668
57849
10671
21305
51993
51010
52760
35169
54784
12223
9674
78534
27107
91506
94288
88135
71411
66499
88771
66506
4899
79676
93975
10251
70842
23939
60526
12839
414
42709
1902
41473
4615
29323
83541
69879
49424
69592
27409
28350
51786
8563
13544
36911
31023
75819
60253
50574
28613
15784
27392
9320
87621
28095
34566
77597
6183
43425
65645
35208
36890
51281
99321
46471
71186
45111
88701
51667
75012
47623
89502
60962
72266
28031
58516
98984
76067
135
44224
46853
23378
13664
65265
84496
67856
7083
36361
71483
78247
14625
81621
83256
90293
76648
14898
36486
22080
65491
69542
77643
21031
12000
95440
33928
31127
91568
18017
36209
2166
4254
75235
47559
91632
39220
50716
1886
87834
23084
18765
96871
29488
27409
68616
34234
20116
23018
29134
45853
3143
57342
90913
40614
86408
64476
33849
55355
18346
97584
12395
36972
29578
39912
53616
48066
5522
41898
76274
58428
37752
99751
45164
65442
22427
29291
30874
15098
45254
66785
26111
4792
19981
67725
37184
39403
74408
61815
27348
2839
58826
70068
75929
91827
84334
54488
11569
72267
43367
6464
49717
55281
38270
24014
17256
38423
89283
92348
78336
6815
72308
57148
55913
47864
45920
52249
99869
10310
85963
32476
55867
88976
33097
10932
9459
18801
34392
23933
48003
76724
58817
37005
71633
82159
80815
89759
17878
20184
40687
69707
72447
92836
16331
65580
752
20530
46493
36730
8545
80373
59352
69101
86609
31607
47881
50861
25240
92490
26421
6614
80816
33712
26833
3687
35317
68723
74896
51743
19367
64289
98466
44165
89813
77685
12920
84297
72063
54153
20426
87712
99124
26508
4266
43486
64401
36175
16052
21475
596
92226
78430
17300
48298
36777
61859
2787
37403
48042
70644
51215
3796
63757
38359
21526
41257
57731
87746
45006
5584
94836
15792
16717
87497
71482
71206
74826
68280
69524
7818
30433
77134
92243
21507
89142
28813
78091
97757
60035
54708
97309
96681
33590
27022
4945
4975
81464
92430
71587
29739
79037
25945
88561
81047
24059
58009
67221
95292
16676
32270
43573
18564
91009
6297
56822
30108
74808
5701
3430
27273
35942
43164
7465
53934
51256
9540
87791
24617
40553
73148
97006
18651
7205
43898
53189
67448
48680
70240
52963
28790
91676
74446
76326
62825
51949
44512
60292
97475
43837
65789
73896
9772
83351
5214
83500
51612
98846
68246
33795
30466
13723
89429
67232
11110
92203
12202
54496
98560
5078
26565
168
38010
98426
63255
4968
58222
14857
31824
22836
46645
74797
20816
19660
12879
36954
10244
32791
3164
34364
18196
55660
34008
81181
37361
83250
83635
93652
50405
63003
68340
56399
71433
38303
62054
11428
14402
49900
85277
63347
23495
69722
13483
6283
80173
41093
53440
79689
64620
79876
70247
91806
40242
31786
54060
59321
76016
51095
17204
14830
88541
91910
32349
91571
75938
20091
96586
35893
20278
33594
71716
93936
75838
51292
79840
79118
25873
25288
9659
54816
44542
85570
83118
15121
96802
13808
87007
58398
12231
39844
10079
24768
34113
10192
89409
19985
61058
76872
3895
79970
23210
83748
63134
55382
11597
90418
80118
24489
148
69614
70865
72177
13599
64349
93776
83372
6006
40566
29181
38172
39621
17806
91
73257
91564
8826
61166
28625
41061
34430
99721
6076
54978
79333
49862
1185
85515
14449
83322
92375
79687
44087
42413
81492
11033
27672
6940
81619
59679
71860
33352
71889
68348
1690
96739
22958
24138
16036
39061
35148
78541
400
50129
12676
97079
60178
63931
33104
84089
75818
96618
462
26013
32832
88431
77998
16780
57665
49315
58702
97981
60835
94294
47868
44140
47905
63442
34256
52050
83932
93139
1679
65260
39993
10914
50526
37717
91147
24533
33824
29771
63998
66727
24185
7653
98122
34944
18170
48665
37653
6210
52983
77703
17091
44445
48192
70516
11717
41997
43966
41705
11617
73547
88948
8341
58127
36036
67728
23093
31834
50989
48636
19537
46962
2190
27720
29524
90830
53898
65715
35377
41174
47165
42073
96124
13010
30093
54470
63284
16149
52148
51321
8853
4620
91117
48737
90609
40497
47454
56363
20561
98942
14796
43271
82421
80536
60552
65421
43143
70628
40329
90155
77816
86274
43692
63983
45267
98686
77963
54651
76207
61546
18973
23071
4088
49030
53491
39670
79414
2625
38420
72700
76487
66580
10396
41771
74159
60224
91114
98989
34386
46348
53351
95900
26002
90383
1108
52861
38129
68415
65412
86883
62428
97696
46040
24257
40360
47779
43443
40768
30891
52287
51625
39684
51208
20812
49874
14828
31411
33128
14987
35507
22415
44530
81724
64383
97273
19962
21884
38930
1159
56471
21629
78871
2189
93061
13853
75604
50390
43731
81300
15313
76833
73592
83703
99123
98765
92257
16915
21772
53901
36603
13122
93982
87098
17614
56798
67450
77512
2307
66686
57047
89594
28119
82052
85077
40514
51466
60789
56136
8655
13493
71068
17053
7993
37891
78619
23408
28879
52269
56869
95105
92571
84019
26683
24059
35748
80412
89349
2625
80333
94806
39561
31507
93125
51875
32606
34183
27523
24901
16284
64838
36117
63752
80718
22553
82015
25931
39390
87086
55244
51055
67417
32137
92467
77169
19570
44240
3222
30048
91073
85088
47547
15763
54658
17619
56063
38552
23242
81032
54687
35439
55383
37116
36807
21170
57916
60622
34233
75479
84519
95766
39492
57001
96066
99330
86223
38212
66822
70581
81218
64119
62015
29573
83922
40302
12460
18645
54156
47965
5788
29254
89088
73342
53492
83120
57480
23265
53949
42996
48201
82916
95350
47010
95004
97125
25976
17095
42200
74423
7273
97019
95296
53216
549
46336
1125
30537
14006
48474
8713
96467
26158
45857
45903
96992
23223
32445
65885
22466
21183
18102
23778
12021
9450
3682
12381
93437
89352
94475
36467
6681
32820
57826
54908
26033
44695
8675
52467
66952
69605
42915
20052
17780
47763
76703
31447
71046
7977
5704
20727
65258
2313
14040
96167
64829
60440
16405
78272
22258
64196
79769
81534
73052
5229
82917
53582
21516
31139
67287
19012
30170
196
46278
66970
43353
30424
65731
54788
53244
95219
54411
61216
37271
13184
8308
85672
64221
22679
79451
64610
51255
94207
81065
42621
29714
41031
80536
91834
72898
39213
46890
24707
23813
36564
44951
16060
64889
96214
6036
40575
57220
13110
54830
27224
24051
62330
63429
9551
19735
98974
48808
72194
56824
77270
18344
67149
40610
10596
46826
21807
63857
56185
67633
38109
32775
59904
77994
4605
49454
72464
33100
61969
24893
56834
52995
93934
18818
81430
34562
6872
44423
88918
52996
26669
68847
11272
59444
67049
5609
83153
64705
92589
87151
35787
89831
98863
87582
53206
11841
21132
91847
36631
80643
63202
45050
80994
38932
31633
5973
86105
41809
2906
66798
76539
97763
41565
20328
99556
86526
90910
49533
68193
56340
84349
86413
90166
90211
61642
58109
74606
65352
94746
95572
53174
61583
25867
65453
47027
29170
83778
22603
80414
19565
77271
37716
31175
21257
96865
85851
69142
16186
77261
47970
73759
31427
31017
74002
98691
37116
17472
48424
56669
22909
7655
31258
38382
9183
87499
66615
29057
92952
32639
56585
1303
33793
88447
19781
12669
30071
35437
49981
87430
27713
91129
85554
37699
66762
77484
18965
71214
42060
24208
71273
625
47071
69565
59905
11015
24025
5946
1457
78892
89506
51414
51021
60185
55517
76083
61569
78578
58289
66646
11411
34825
86716
70380
37394
75435
3592
43288
42276
89667
65611
98537
60824
93948
1898
26239
2472
8970
51142
13481
50502
84571
96316
94672
7356
62416
75272
43529
5248
19896
28323
96910
53465
58449
97080
89258
37259
40822
80790
54081
63828
7258
77038
14057
8019
97973
73204
49226
97043
76545
86749
39750
4595
58096
91659
7084
45369
13942
62245
57940
45577
19599
87060
97317
62072
15458
5376
33934
11723
82109
80599
88375
83835
9360
4560
47865
31262
39564
60468
55791
8372
60460
69293
7660
69622
40181
84834
64821
47218
65885
37973
51895
61031
32556
79340
34651
70364
87187
74376
42755
25705
3429
97028
40397
44790
75772
35542
94703
33722
85717
94465
68692
48360
83466
8429
82365
28469
92445
73016
35396
60162
31836
42591
80737
29931
39806
87600
68001
25665
47825
26059
77150
88954
5608
61024
10104
59141
99009
90752
18858
55705
58307
26153
76937
29198
34879
52828
70519
5267
32529
60178
60714
52232
37334
17643
97028
50448
33472
58373
60208
60140
33998
61431
32688
89542
72830
43617
72349
82122
13382
57798
70174
42530
51761
21149
30375
56131
39710
21562
92766
96285
52249
50563
68386
99620
54264
65648
40347
24835
95638
31661
36307
18423
94103
61355
79703
64538
17353
23300
84549
97156
70135
64488
26782
32867
57038
86624
73665
81995
45089
94474
66246
62327
32298
76965
16307
93239
83912
7373
39579
93172
33356
88957
71637
29661
39639
52083
28788
67146
78900
97686
51800
5796
71364
63398
127
63379
39704
31278
91794
21216
65149
40037
75377
40463
96630
89513
80798
66440
58827
13072
43585
91939
53637
38675
21464
49295
41311
43542
73802
62220
22069
43773
95412
76297
19075
80112
79720
36702
79223
38214
30120
54620
92789
98659
57212
99157
72133
61264
78778
51
26892
12226
78769
10260
74241
48447
71040
79020
94543
79253
82157
28321
42630
2760
26046
43985
93949
27177
73834
42795
44644
94985
70655
64625
44407
93647
18515
91203
24956
28830
24249
52377
49611
77325
91938
34319
69930
34529
92107
76784
21342
95789
95310
11652
55929
83757
54415
67293
99995
52425
8116
66529
6675
75219
16795
48016
85427
59311
16594
6849
5900
29771
33193
96669
32040
65496
99377
68154
31193
8523
40648
78096
31294
13166
39515
13090
71484
63670
79138
71863
97191
82503
18304
65711
46832
50210
53106
17345
64715
97805
55938
22370
16266
89612
56353
67191
70699
38901
55800
43220
89560
4877
79114
1917
82681
94282
97872
71062
89249
25633
13186
90798
75901
4361
95609
42525
69451
91588
839
34488
9515
75633
15618
16434
79640
25840
20272
85247
62147
86284
33575
50814
24751
81297
89697
60324
7902
83214
50132
487
87247
28677
58377
87199
32501
96165
3583
71476
34826
90534
38105
94970
15163
13944
72355
36094
757
92782
95237
45875
39827
16721
81472
96979
88976
89704
98624
65522
18172
62375
26656
34856
12817
1571
1143
44209
67683
65626
9883
24592
3112
32445
98822
27897
55945
86337
54514
2152
81404
78942
84334
36339
86001
7848
70230
30490
11343
54772
94179
29775
13053
45546
56116
78288
79875
38040
42136
57375
91540
36119
31199
30266
72310
1337
60423
41081
73258
29507
55070
50570
92939
4907
71346
36393
81165
10297
86837
84061
24192
98478
37399
72516
49464
22166
25293
88494
17665
5975
12874
57643
87560
81080
58256
11899
77454
97110
86314
50275
90391
39822
97048
50140
14411
43524
58223
39908
95071
28594
40126
69540
65595
57078
48226
72682
47131
8035
13490
2236
49384
69849
90465
44708
78103
49757
1532
91792
27549
53675
35492
61119
75135
9756
54485
60073
98701
71251
52195
4591
61113
97005
23822
1619
61182
30537
12188
9430
83932
30030
1799
54368
19457
58109
15095
30489
16461
22868
6605
41148
70801
94290
9593
26226
52549
35186
44170
76411
99737
89605
73236
84552
43706
31070
30365
1492
92217
37587
72140
9290
85278
3186
60384
69734
88972
63070
29227
58056
95556
62652
24302
21147
57018
24909
50943
83811
31188
18514
42630
67809
7207
77308
54689
62000
8376
80136
345
60420
76944
29417
29069
45950
5342
97357
20642
33386
70926
37109
68041
41635
42742
81592
31555
48669
19452
63596
46186
95161
78113
56202
45984
344
36294
81515
81348
74561
51344
3539
82859
91841
65191
51964
68145
23339
20803
35604
3637
98440
26228
25338
79745
84891
85639
37849
42781
59756
73352
80356
65903
3599
17227
95118
30790
80691
39647
20425
68586
41920
66685
65677
70879
21924
58445
56940
47673
97862
46320
21385
61447
62167
5674
60427
88583
53810
92690
11069
48967
18968
61374
73610
6283
84282
99235
66775
4465
55235
91161
43566
12559
18777
46164
74770
86572
17876
90078
6136
84505
37785
77456
26861
99385
12292
67876
35928
71701
71115
73876
96659
61037
32843
55000
13653
50214
55440
34294
69886
86012
67516
29115
49400
77274
47865
94292
60657
77835
45970
40297
1001
56613
73525
28569
21483
6199
36156
81478
97541
48984
87404
90251
84861
48883
72579
55970
47944
35185
52016
47478
80011
91411
77848
51450
14689
68459
14309
68587
57192
25412
56190
78175
29632
39034
29287
44781
8817
11162
24670
67969
74931
13003
16501
84127
30920
88790
49886
20556
70917
11671
93587
25597
9223
69122
78481
42141
64843
49838
15788
76506
50747
84655
17257
14630
68655
48298
3274
35348
34804
84403
93974
50183
81124
4008
79441
79102
38464
63930
20926
39354
87882
24933
3204
44717
94149
21337
95427
12011
61246
33226
14180
78569
2484
23264
3368
83380
46816
43241
92661
37998
91662
49962
30221
12780
78138
7863
83084
45888
22639
82070
43980
48829
30781
9358
38561
25870
18629
74379
41693
90594
72829
57430
28844
80023
88979
23801
81437
4927
57759
85137
80971
65738
44011
40677
40792
9351
31016
73488
31042
31868
66614
68961
60950
71233
5317
39072
56259
77153
27843
49341
53629
34897
80690
43372
64085
3740
25726
49142
39594
25495
78891
18885
89657
8975
50696
62813
90104
58968
31659
38703
27357
91741
80588
64778
67170
59665
32073
31993
73257
79794
58503
69632
86231
97787
11204
74901
1316
8230
3357
38237
43449
54903
58263
25930
25974
28513
4950
35850
13979
26918
74567
35418
56962
27374
18317
33690
47931
80819
8569
4946
14099
12192
13360
81417
1411
5040
49353
54743
35771
93818
48957
29680
70778
74775
95286
98585
73842
10881
54140
58628
73176
22505
74805
92770
49939
67452
30475
51290
3329
77072
91120
82838
31127
38457
56021
33961
55704
20514
27319
88657
85308
31624
11164
75127
3057
99779
14126
90997
62790
32828
21674
39435
66148
99769
27379
51645
80632
75694
94056
37754
97257
70834
76168
27508
74038
55018
2332
29919
61470
34936
78777
34110
76795
15150
76080
36310
99377
50672
59972
30591
49156
82631
45576
63750
51533
7469
3878
67080
52070
50990
81863
67488
59467
73237
5286
31885
98332
97479
41253
61960
97452
50493
68221
12632
91412
77890
55506
59172
49130
56153
26525
63785
62885
75525
31249
16404
9743
63319
37976
29531
67992
49324
10473
61135
2730
68094
89861
24562
53368
9749
70987
18040
75090
96463
7489
58408
87158
94108
11807
65297
39495
27743
64886
83354
26219
30276
68104
59524
80899
9516
96215
27678
95597
62032
89098
25107
99199
64422
76959
72165
25647
79102
82179
81483
64980
24992
67286
78144
45535
44195
62788
48481
21787
71602
39545
37069
38471
20800
73535
1920
5269
32790
68904
45110
3199
75984
10338
9254
95601
765
4186
94514
36782
18187
88268
90985
94694
8194
24437
3206
90153
99450
81047
48953
74136
32377
47690
37382
43087
29473
70422
46318
93516
22652
16604
24071
85682
26488
38833
25682
97290
50727
61436
29048
72128
32732
15326
15475
50819
97126
76363
33832
87950
10011
61093
85420
70605
93417
75929
29419
64927
13012
96646
75955
97135
40566
40495
67512
83818
45672
82056
37346
46116
72063
42982
21817
67126
74239
37535
99850
62397
75268
53588
89615
26347
82455
92703
77401
30734
86877
6375
91567
92092
7126
65033
79242
44651
60597
79204
13199
54658
1403
3279
76392
22341
69543
69240
31825
24952
31993
16171
13718
25568
85169
27781
15357
95573
17973
6965
79811
56868
88411
45690
24357
28957
49914
42643
87203
85784
21449
14348
71977
33284
62923
89424
45696
52127
9113
100000
22420
60457
59108
55890
79705
81113
48088
66645
37804
8507
52892
93860
99290
62230
54
72702
63079
30453
26937
36212
72517
74597
57795
41127
90462
29916
58116
78233
99149
15319
7747
32521
1048
65268
83838
29463
30935
62860
60617
5157
9773
8846
77110
27333
11598
44700
91478
24252
95980
62472
29829
28955
82364
9907
26109
2803
61866
89140
12732
39537
61849
68151
6683
7053
57838
48560
77890
14781
16876
589
28906
75887
39616
29544
40944
49135
12014
91739
61903
62203
46160
42819
9547
4115
12485
46123
94761
54620
37451
13684
82134
37456
22378
16670
92086
17299
2247
10705
51360
91135
48360
24131
54667
70714
84892
69155
40922
48638
75918
76526
7647
62427
96564
65926
30319
29255
64783
70132
17538
7335
67264
85997
78810
56648
63102
90869
6322
96448
55723
24945
29111
14908
85037
45160
25794
86272
24884
87264
99517
84296
62358
24690
15388
86002
22900
98879
95824
42861
88804
82518
55177
54342
79922
69477
49457
92866
119
74675
20631
11105
82634
47653
47418
59255
83838
45306
78122
30008
13728
27604
40699
40079
63835
29819
21087
88998
8277
91935
93357
69645
49696
80089
94752
86275
4168
184
41232
32364
73846
18467
86022
67431
14935
32652
80577
72545
10277
72721
33529
13707
46674
96542
19096
29165
18714
70572
51351
68739
31001
12024
72943
71286
30517
7962
35921
16498
84551
35590
56887
81648
12316
23154
68052
95651
8250
88631
13417
26922
91822
42391
75684
7099
73684
84904
92700
35911
96644
20003
73707
10937
50672
68047
22551
95521
8410
26019
11033
61550
42829
7062
59122
28446
79885
88530
45005
46851
77980
31532
71114
88560
78410
31580
23645
31111
15579
31317
68053
74451
65271
69353
5046
26627
2631
29222
7325
9350
53630
88032
37750
17333
89411
62824
52688
4967
68054
91273
43425
79618
12479
35355
82337
64843
37368
7000
37815
651
11607
64178
37729
43648
20804
46968
77773
34061
18130
24154
8922
19394
45042
87621
37713
45232
38574
25253
26148
55290
9030
22074
74298
20569
12157
49754
49473
56498
81301
55223
30761
98235
26340
61526
28514
78000
89602
75583
21793
71974
97301
75992
34912
91118
47576
34634
28633
10817
18682
75578
46341
62299
79740
92328
39452
28865
79021
32933
51452
85532
64342
85833
52597
27612
79647
7240
69236
50778
70273
86955
16894
16897
34737
22897
96656
40489
35794
17415
6238
7301
56911
84287
97992
70232
77786
99746
9135
86703
21255
80835
33852
91309
68194
84130
27086
60777
89940
79028
43304
83241
937
96187
20936
82100
4559
3310
71164
44116
33054
45478
43981
87819
64223
74284
63450
35571
34703
37986
9025
31905
25893
17866
56264
80801
14921
40201
83879
72272
61063
98169
98702
33005
65149
95394
51290
26380
68193
47435
93987
77871
31581
3874
19317
29975
27932
18460
8545
5327
42832
18438
81925
94660
3830
27124
93251
30085
71694
45647
9830
85869
69891
71102
19870
24674
45535
37058
63700
18274
14737
87242
94923
55532
47421
70402
27438
97263
24168
65616
80143
32001
65530
70217
55031
28178
48545
41929
81129
9747
4401
53096
6400
319
12838
85700
20547
50015
24324
84152
27065
25841
98713
15486
69324
84418
58794
9989
93022
16088
16394
67796
88242
29804
832
11947
28124
81305
11753
6336
17249
47131
64557
42341
55743
48814
69494
81988
8135
25640
90731
81640
18438
72048
83626
95001
88145
56513
47244
76290
45562
2061
85457
58845
86746
7901
79443
63497
31818
36397
43697
93323
72042
28443
67141
39664
90373
24464
93916
21717
87716
70521
49356
64887
28426
48591
79129
60120
4343
12372
79586
35735
56336
46242
60958
28637
4560
31948
47865
39082
14511
40958
41322
1996
4723
14201
1208
95256
38150
21454
95330
33519
14800
21029
47902
64359
16637
68104
53721
46542
19778
50489
11062
80775
87450
72946
96521
75039
86298
42403
83610
83473
8179
90686
88929
42356
24368
76915
5761
1012
19335
7677
3283
10243
58468
8567
81313
73358
76686
51679
69599
93927
62902
89498
39056
31872
81340
47352
8755
48413
68722
83159
72378
83531
18778
57701
68237
61267
30714
18282
79866
27735
31089
99423
7702
52194
39668
4731
73349
8125
30666
33619
89317
52285
86873
22993
53789
32923
90491
3391
80723
94557
86817
36191
58855
43404
59213
52598
86886
67642
66414
55639
20054
58585
79862
70898
28116
50291
46765
63987
44988
90165
30316
45791
34048
16793
97335
98261
77336
36434
20043
912
31192
25389
93781
82789
35671
67030
6379
2484
17630
32794
31981
91666
33596
90276
22513
59786
35570
63172
25046
22065
50984
20100
87505
52806
29089
69837
40701
65234
61843
81414
5387
75103
5472
43367
29894
40313
97311
39458
20927
83204
91301
56008
3051
44316
75594
25721
88289
48545
97676
98711
57350
39966
18341
75527
58005
18379
87219
18668
34433
76521
7820
19692
15139
29121
45372
99502
33771
45088
92085
70181
99341
27744
23428
69355
18043
16934
48385
51978
76723
23780
59532
96672
22794
40299
36041
40669
77788
66820
90328
58306
68806
29622
22309
73476
24664
87365
77895
11315
94435
95272
7444
64827
88746
99074
37531
71416
79088
63429
39276
93229
39681
49195
94299
98379
6307
93235
411
98855
24315
67085
5409
37065
14442
44034
10636
39002
60576
91848
22062
93964
42260
76105
15582
99005
9830
2092
80170
32582
15505
14983
35037
54000
20908
99548
5050
51724
68959
13518
40315
36443
25384
59194
63349
16808
69430
22124
62466
84414
25244
82590
82083
84587
75013
6423
22854
31781
38409
37495
48352
40372
70272
95901
28658
98229
59059
97138
1463
31040
58779
44792
1256
7194
44898
45678
77247
8104
84296
39340
40712
22546
9142
7473
48536
10720
41629
5847
80413
14888
7720
52381
62992
83529
51677
12378
43313
82625
15804
74163
48808
13967
76797
17235
57011
63237
6393
62027
1941
86609
19073
39523
13868
48249
71467
66104
31178
12183
55574
31688
6299
77731
85015
42352
37624
1941
72691
44664
12617
39183
95328
52670
50016
53105
58571
52164
23168
95303
21803
36324
84235
45907
17017
49367
89478
32795
72963
54225
41984
66173
20089
10819
12282
79380
43112
89098
12152
33165
30850
10263
80927
51341
5634
57159
55549
69574
99245
84033
69059
6809
23972
41511
41001
96980
34955
61808
89975
8640
36263
74265
7996
42451
51258
40412
70256
27735
65964
54531
73836
9321
41463
71012
34146
45332
76669
9255
83511
47338
63960
14776
18609
43740
62842
29120
74890
7728
26513
25653
97236
25330
41232
48028
6579
85737
29163
55083
70457
90349
2941
13001
82260
96100
88683
98236
36733
26265
93582
32881
88835
7254
85286
61089
53102
80144
42530
17449
90753
98773
85954
29358
46156
25193
89401
7919
81321
55413
62072
11916
39691
43429
70347
26270
60867
26741
56007
44703
80691
45033
36104
5537
99472
67359
93543
8608
99032
90616
39834
77942
29711
24163
75277
90995
15156
43390
5396
9300
97562
95592
4270
82584
67267
32817
84394
20631
15163
35439
60154
59770
96230
96731
82066
64510
48161
8463
71476
27981
43804
48823
72842
64711
23748
92062
6902
9219
63914
40305
90772
93482
15535
76452
17804
5466
94691
27871
29002
24265
63096
34461
14997
52972
16849
71731
96232
81760
83106
84688
51002
24619
63021
58669
1658
33350
34834
6407
48811
64093
89284
48366
57580
48438
82697
4696
64117
20756
33865
59227
89706
63744
79538
75296
87362
49509
76505
73524
96756
88277
10265
14073
55434
71279
70805
73154
59553
89142
12266
18175
8262
81300
87942
53067
99763
76332
88936
79082
27010
87181
3409
53516
96926
40539
88532
42123
71447
96329
55760
80733
28698
9251
3387
19484
17750
89074
65729
39364
26930
83073
99341
50832
95882
68517
27544
657
99037
87268
968
96663
15491
13049
12082
58680
22871
85057
52268
7470
65813
76119
12023
93464
31318
75732
99577
91525
44652
29712
18647
67513
1482
71643
93082
81286
13963
80065
55846
53444
91980
61590
24322
82252
63645
15273
1263
30177
52033
23430
81682
62407
67347
71400
18731
86374
17937
8913
64112
59789
76761
95059
99373
52711
24825
28981
20240
92535
72405
8219
38682
75470
11754
745
1603
44980
35644
76555
26335
73702
82988
18763
32118
46278
29514
62393
28232
53162
37918
88393
89637
80091
52285
10467
37675
83029
56312
81280
12998
5466
17127
39898
30841
76318
43117
89164
47198
90420
36538
86117
90433
32993
68323
81860
7024
66491
18004
16312
70528
49913
1167
8620
71586
71047
1717
83039
94716
86239
91893
64887
18735
43484
31016
35163
61170
28471
46121
46668
24956
26303
93329
33849
22118
25323
43773
75161
65138
78819
24374
31939
83862
64227
10840
80785
38122
42894
31927
24862
15101
86083
55880
37858
14288
67238
48840
92585
15797
37781
82493
29297
48360
88688
62856
18822
86155
33948
24712
55728
86062
20770
63971
58499
71073
26534
24267
72438
57125
58482
25880
85624
71466
93823
75288
68983
58603
34837
16448
452
11200
35590
11671
83016
50056
16436
46023
8519
28057
87343
71601
16271
2078
98316
47739
58444
52421
95050
29796
23816
12013
65839
93175
46868
3923
9766
5136
70866
31016
3381
52132
93712
31325
36224
81598
12133
9306
20992
92767
94726
3505
44217
56764
59033
10894
77396
61574
78049
32965
46020
41978
87857
51671
22999
69817
53949
50707
17234
13984
54389
66492
88416
6074
61822
96374
36763
12453
90757
58513
18038
57573
62335
94613
49736
98597
85643
25647
82630
77976
2568
74562
4022
82139
12054
51912
96370
40690
41022
70751
68466
22919
57730
91190
62613
49192
97431
61121
18499
23056
39623
3810
2508
97951
70839
93007
7016
34512
83171
18361
19566
78565
49694
3550
57311
50889
1671
10251
84092
30792
17239
46958
40941
78811
60350
84658
23565
67782
53275
69055
72078
7363
12456
88772
37791
45111
20459
58061
38716
66628
90911
29151
46541
54509
16305
62874
55780
55606
72652
22967
1790
29174
30844
32775
88336
2894
30949
33977
96421
9188
80776
18327
5370
11350
41209
96422
41558
41508
71499
314
94407
52393
90810
51829
74175
7507
24369
80626
68693
10252
30875
62120
55896
2867
33478
42433
5790
37139
49931
83109
97187
67724
3382
19419
45934
47137
3460
32640
68171
73707
5358
27443
10119
75682
52394
85461
10225
92301
98442
89473
1568
61236
48877
84784
47645
42345
54915
16525
45781
36469
88986
68681
10872
56092
86607
87521
7131
82200
6868
13709
39466
88078
70685
28675
61119
27949
8461
11076
5453
34178
85285
35201
56980
39713
12687
65833
87221
79375
61313
97850
71325
87398
99829
60633
46748
55390
57214
61446
85730
87869
6945
28600
75301
99336
1513
42537
42243
6756
61052
21644
4560
81522
88693
31135
81449
82231
35147
35685
7912
26532
13312
44879
99106
44880
48287
95220
21397
97173
48511
89808
46373
92838
46494
41084
57136
3904
3526
68905
51246
6368
53335
39052
50817
35513
57604
912
9434
76118
22265
60538
80308
71254
38942
23156
98007
80454
75098
23540
71274
17510
90561
88219
39434
88346
78117
8502
65405
7480
18868
19333
26829
68809
75043
3398
35035
97067
22557
29961
81756
31440
1798
81336
43713
64357
67734
23272
69108
31403
73257
83247
17024
6459
33691
35122
18043
11336
42659
29206
15991
91939
83591
58970
91167
43861
82569
61741
46370
98443
9939
90830
35558
45000
5569
5194
61822
39151
48639
68937
19156
63362
91387
75156
50310
47611
41462
74589
95112
26190
52027
63665
15324
83344
10331
57151
38213
40124
23525
36644
92126
15299
90132
82740
74057
14883
17422
13891
6697
94512
8875
79678
75460
27933
77254
53811
29448
24877
53799
93571
40396
84275
65931
25006
85188
53930
50269
73045
60724
43947
15568
86631
37950
98355
34160
98651
15049
49855
72206
1315
30795
67066
94426
49653
49936
41937
8231
23547
95114
18350
50072
44610
13979
10193
25373
76645
6833
26694
73288
31338
96323
6133
62283
90595
33571
7046
39502
96063
13776
58319
96619
4986
71625
24891
49125
3924
89462
32267
59088
26500
78285
85449
10421
16731
82005
29995
12444
52259
20337
20940
35131
94781
60839
33488
31545
58498
81915
82070
65933
74036
24777
74301
34763
61284
26661
96599
91386
96995
49951
93489
41042
46383
43684
77358
10589
85298
18489
8137
82691
31018
77871
72992
12438
87712
68435
15457
39629
124
62937
13886
47316
26548
68761
57135
38839
19044
30235
33125
74682
81413
1402
56617
34928
21441
20544
71988
83063
48915
41536
33531
60929
2693
72497
86332
88277
15381
48794
43314
51241
56542
52506
22088
37300
64611
39917
53058
22233
66680
75163
89008
91055
76162
38797
88181
32403
67657
38471
46033
34432
79654
2221
10370
8841
17838
47580
33292
86455
68457
77979
28253
67626
61130
17643
12983
49455
96794
80389
93898
24745
34758
56089
81841
50969
52568
43247
67973
35468
23780
60441
48424
26587
31544
70899
32192
23138
50524
44990
92407
51672
35586
75029
34310
8502
94519
54029
2162
12117
82195
23813
57257
41170
62256
44980
35574
71011
61227
15200
87554
99752
38015
8571
61952
61922
44300
17456
58881
8084
21078
80165
25594
60590
6951
7310
10670
53948
1083
26096
66538
25917
88677
83393
67931
87983
24867
61550
61490
3374
24028
56271
21092
32386
32287
65950
54466
18660
55456
76643
79351
87673
10955
81921
13999
4808
75411
95667
27056
42088
41582
53453
56090
6153
36346
5654
33725
27169
49219
32539
33914
67945
73632
25378
12722
50533
14020
76756
96951
56460
73449
12562
62377
71449
92824
88500
51206
30296
74023
15049
65277
5535
55626
63234
40215
82235
3320
12447
98120
70686
43526
98507
21229
4127
46251
11517
19886
16442
61481
8176
86491
58348
97403
5313
24395
8116
75442
14193
54534
52547
68156
30898
99211
47402
28322
47102
63271
80559
77785
63527
63994
12697
80178
55783
41558
77398
74987
74095
53886
64758
61373
26457
34564
94670
80923
86399
50674
77906
84342
61053
68686
50250
79649
40881
38111
76779
46962
49268
32679
80114
6851
22024
69899
80829
67798
62251
50656
41585
52421
41862
59261
79117
30015
93311
90389
48476
2060
21467
37533
25178
73032
85557
33548
19349
36985
30728
42442
91913
79506
44578
35870
56963
42124
17280
56983
77994
89031
24048
21737
75804
27350
64817
39187
59927
91937
35133
4491
7642
69299
76669
93590
62010
94759
18031
9849
69993
49915
9265
17633
73350
43281
230
33851
9554
77247
10971
3779
64838
34257
85133
11411
39398
63673
19653
99638
12908
47781
8058
70568
42483
39723
81487
13980
72756
49963
96754
8299
45580
24621
61171
94076
16155
11033
7190
3900
45861
95174
85953
69872
89902
83774
98035
78619
69454
92485
79936
81392
38336
92869
26007
69870
52500
3563
47960
27928
12089
86103
20339
59416
31596
45951
86125
14602
94659
94816
36535
4943
75139
68604
30231
56248
44153
3046
43778
90943
45070
74554
6735
15959
69426
22421
31431
27829
59508
37262
62008
81821
99561
51963
26525
40073
86558
82892
66650
58286
19035
58494
82541
306
88042
63357
12289
20385
69591
41419
67855
94742
39951
68170
79820
89085
2260
80542
66323
82798
86922
76132
34772
93624
62913
70973
94919
20094
75439
53082
56710
85128
86709
19361
1142
87812
72471
45636
78539
1648
94798
15503
57874
3603
75858
38398
97599
22784
72731
48137
46024
2460
23555
12120
87219
9835
1249
78372
90063
51524
6917
15351
61986
52714
89926
9782
36256
90260
15775
43490
95166
10586
98945
33553
34483
37577
76663
7607
95155
87314
83832
27985
27498
71684
83414
85691
86393
87782
79981
60767
31702
71187
65496
52340
32385
24397
8739
94274
51769
25477
16827
39504
30499
5104
60497
28599
51567
69296
50243
15028
34358
55667
81849
44803
29176
36980
47814
66475
63715
17355
61407
14073
35999
69079
83374
18436
12470
17165
41092
83417
78205
55339
25266
33369
97255
15489
72745
67023
52587
53503
83301
91330
57097
3670
35619
31515
90291
36056
89592
84079
61616
12343
31291
50802
34311
94249
65215
12850
76400
88011
19429
76038
54902
51763
78821
84899
25171
45316
1087
28992
68856
83659
8456
18448
72967
56188
14781
93176
37977
94525
85360
70237
70620
92414
5165
90407
18500
36004
43194
99390
12207
53777
61433
90505
63834
27965
69038
98918
27576
63912
58483
2433
1931
20431
3143
94308
16903
2823
749
13236
91709
93812
74188
28803
24731
88
5446
6239
55877
94239
86363
27642
39587
18487
60398
22899
61570
55433
67905
83095
21012
23820
74194
51396
29419
2829
4979
42399
38611
9150
38035
40812
60665
98613
82810
20559
2617
30744
86923
96894
66601
69225
74828
25413
21850
70052
25486
96814
97021
98025
81118
28943
5162
10717
21730
96685
25922
36695
59183
34084
15355
31095
64847
73687
73355
86682
94919
24956
56334
92528
85211
24226
15326
43708
99927
99221
84431
83086
514
34116
74927
44325
94331
79444
84434
31644
24838
29948
91381
18365
23670
31970
3013
43399
84234
45783
32352
95347
13644
22129
10446
45544
14126
44696
36685
39120
55139
16713
44789
84733
46338
49062
12555
53575
47797
86007
84677
74363
28012
355
32139
44651
21249
58850
13431
72026
42887
35076
33209
66491
28348
12184
71746
5709
8987
22131
61093
85539
41316
22917
99496
34947
23626
4639
38687
76785
9758
2551
38265
31569
4476
24057
87067
58847
35686
36895
52888
34296
85006
90238
96668
81482
75836
9698
48215
33732
70676
90394
41692
38187
9527
88277
2001
59427
67792
77618
4205
91071
59164
74590
83371
3207
46191
4758
47604
90140
1314
98145
71510
31399
56419
99546
663
33885
11391
23781
94637
18642
44121
40729
43879
72438
91107
52903
24117
71876
63203
45290
32370
57938
36017
4587
34278
22705
86696
96410
62981
92295
86516
54406
92111
29129
60788
88099
72360
75589
219
20373
39774
21017
47397
41526
60429
16239
59593
11024
6498
82809
24853
42885
58466
75085
78660
19603
34685
96839
24566
93600
93181
71565
37310
71893
78604
6595
94057
62514
62499
464
19995
48858
2719
9543
63902
15021
75346
57338
62061
4808
73358
79396
48805
77523
71830
47987
49223
15226
6329
8292
78960
69447
38169
1791
18911
42047
62536
91474
35254
23313
69874
16747
88439
64018
40986
69965
88240
94643
75963
7160
41818
8406
59001
76110
55934
27825
40823
67496
92461
8452
58256
46824
19110
25206
23479
2958
49998
12267
98323
1451
40045
7460
20430
37038
52439
15038
45641
56674
29444
59197
29597
53440
74529
49264
91659
7863
2549
2946
1920
4217
94626
95758
40531
45011
47543
84242
42421
27554
57657
26192
34776
50375
41539
78894
91754
29145
52792
57383
64208
77956
62915
19919
54967
30290
38479
13065
2062
53984
78089
6597
43936
49343
37991
3517
94315
26732
74945
5896
44118
34515
53107
13517
97386
24811
35174
67717
8657
8707
54160
98063
88328
32846
49495
96779
10876
45351
70240
45529
39781
92369
93106
6287
77633
63560
68165
92102
68320
99069
54816
15663
1845
12585
37372
84359
87610
14327
1072
70654
36912
9826
94025
13855
78408
16295
13140
3615
81029
97885
71453
46433
83202
72313
56762
29994
60907
90811
3677
79021
4965
56013
3335
28570
63303
8168
46849
96803
66995
14714
99298
67839
34263
92285
39892
30844
9938
40261
14245
56380
11664
22648
27851
52636
72236
21747
82078
59825
27534
37172
56922
78039
62133
98728
35823
55123
62286
31722
8201
93506
54022
41138
58973
21017
7113
44137
7029
29997
60467
75678
53698
73510
67463
2725
40685
88264
26270
2816
64087
37167
65342
25935
1264
65998
33573
73302
45095
16862
28547
38241
43339
49228
89651
43147
59251
93922
81822
22919
28754
40397
55842
82189
64123
88455
29182
47348
51456
20251
21030
89107
24673
8415
44411
97427
70859
56656
66286
79587
47475
83650
38820
25453
95738
61891
92214
82560
78919
55607
91767
50109
94995
9017
87922
73755
27254
57448
7010
78233
62834
6078
83912
55769
45997
37138
66597
34690
71449
24743
69372
4256
83316
41159
7689
85756
17139
68057
11336
53302
32837
13958
47680
98663
81129
2175
74725
41094
66743
95128
77584
13837
63445
10026
28294
66666
54421
961
52031
95362
15557
70127
95346
60043
83895
13676
27013
86105
5324
62730
9247
78066
55210
17275
21129
54484
43327
18767
58576
74872
68797
84537
20467
60493
90167
30980
67204
20788
2139
56466
74779
55146
30393
99014
27138
61834
12987
53880
5828
48611
22934
18964
89769
69565
95367
64469
93747
53604
82987
50282
2785
63888
10705
16433
88548
29230
5224
69977
14946
6107
96506
18082
26996
58799
44926
15725
99754
63818
17899
51806
4325
31187
27127
3375
56974
35725
41973
55064
84063
85282
25030
337
57609
92656
1943
73227
19335
12215
62367
98608
33887
89011
68446
85189
10684
93919
84406
52182
1911
15926
11098
6518
17292
33136
36971
71551
36049
14594
52624
53993
12938
77254
91843
93974
53678
77637
26895
28882
69152
77030
66762
80300
22294
76838
85282
65819
14765
52298
40796
21208
22266
65951
62967
23654
70476
39380
70804
45112
66099
60225
27942
73559
72010
277
60807
49759
42274
51093
17024
51432
74085
47036
31767
2622
42638
16096
87316
52521
55799
94031
32868
72634
52480
4772
33722
27305
62009
29182
5440
75515
15650
98482
62716
16818
60353
2669
60241
5321
56500
53930
55460
78760
72829
34846
42105
54707
32122
18083
88053
1573
3622
29275
62344
61684
47173
21882
2142
53935
74639
75644
53520
31713
46573
88293
78097
56579
63763
21401
3360
82461
13690
69906
50825
5760
13864
54043
77000
86761
91251
5272
33694
40836
6160
50652
38048
97548
64239
17376
2436
22066
68704
5914
14277
99283
49112
57424
63533
65207
79202
39361
37950
40124
58978
49615
86498
11597
19248
68528
23162
67208
97606
34253
56750
27005
82468
8237
6395
97098
6758
82922
61635
33250
56181
8914
97188
56008
1972
48217
24727
85481
68409
72542
5443
2660
40554
32201
90591
28124
22171
17307
90968
94451
3742
3237
7611
11326
33181
20833
31248
40623
84134
37426
17177
30982
16282
17906
46755
59371
17282
59150
98890
69739
69864
95943
47761
35413
39275
90830
35920
26861
115
58647
52871
12104
37996
89283
39600
6279
50555
4797
40696
75224
79256
39892
11853
82529
13080
15818
36258
81579
78175
44124
93679
24657
21795
10718
37992
26747
85749
69215
11915
87562
54480
43952
93683
11584
17497
67321
491
31819
98840
55894
72081
28286
97534
34332
99254
87825
68054
8709
66739
28909
39091
49595
1449
92849
8492
95053
80749
95457
27364
82149
3144
51702
57620
61648
49707
19952
24128
6037
90683
58715
78366
26171
55290
80720
50663
82810
87182
25681
72255
81642
40278
54979
49791
71986
19237
14398
84590
86239
40427
70029
50328
99042
51082
45063
93085
12104
77110
90269
91954
80482
69833
1498
40280
75012
57461
98915
26712
32205
18501
4076
85593
3156
52077
50097
53629
30505
81506
70199
84914
46461
18743
14812
23828
11307
38971
19196
25607
34112
16871
40656
30227
39298
96944
4924
76623
46217
7347
33006
98881
70248
54623
55132
69176
69589
92195
8724
82585
79869
7744
10887
64532
83960
53346
33244
27837
82228
66662
48864
43833
54733
19658
56111
1530
56148
85347
75549
94506
91227
22978
11242
3157
87300
19062
87940
54803
61480
5617
11189
21549
40698
30049
92273
37880
42104
39852
59478
49185
31569
87850
58668
56082
70516
4522
99383
47749
69136
19654
2997
36176
9267
76769
28186
7462
68452
8744
76051
40174
51994
25487
26396
74546
84409
61297
43930
24743
13512
38852
8641
35675
5507
19400
30467
68817
89630
79064
75619
83782
7305
70633
71154
69893
11307
46652
52464
48216
11026
76722
16513
11618
87291
46218
14112
22712
24131
78180
13438
27840
28376
15800
6881
63256
58535
82608
40914
95940
27361
36759
74381
76762
5991
27490
6649
3689
17834
67198
65952
84578
47958
7447
26866
94847
82740
16821
98032
37254
91037
15923
7439
45716
50700
42253
51819
93071
30984
18802
76922
17957
69994
13449
74498
81985
49260
21779
10107
98787
72284
95318
31617
85881
20966
55934
96726
2450
99495
99033
44399
26500
82812
3750
31603
34957
16742
12756
43730
88748
47906
75231
15930
87312
79192
50695
577
24195
85279
79148
40908
720
43333
78798
12836
56325
5124
15576
90625
76456
42483
50481
68624
4458
3920
86338
76521
8956
21687
51535
75536
67585
47221
47538
83050
97370
93717
85520
79011
25107
8281
12691
79236
86595
15832
80107
68306
14620
72606
94630
56995
89238
36017
25900
84557
43747
33847
20969
55907
29482
94740
53058
215
17390
76944
87923
84858
94936
49856
51664
76065
30303
77845
22038
18207
6563
93256
41892
83308
89170
3703
15482
74174
31201
46692
92783
36974
82679
57494
33180
66061
45762
55233
9039
83778
87481
4146
8034
78638
22860
77706
32251
74104
6156
52396
11722
9978
27430
82527
78628
23677
29346
69191
28018
5398
86463
5578
75137
99396
31631
93844
86081
19313
85921
42852
76034
52474
48469
84814
44881
88471
69755
8717
83929
82164
55734
79754
91633
78983
20446
83105
25628
6976
56549
2429
47536
89116
27184
87697
97132
4010
49717
30873
18454
13699
55011
72266
25235
51473
97816
24164
54949
10301
39251
23406
74741
72700
86820
47923
10982
1574
61421
77917
67671
34099
78432
79902
1391
94838
1996
15805
32727
52065
54914
36744
53410
7242
34161
38015
39867
26637
90516
92633
60086
44299
37342
33269
20719
16412
1301
87557
72538
91429
38075
44402
23329
14847
43913
82960
49232
1397
11178
72639
31164
61624
25493
48552
53006
91021
18779
31582
50826
58045
65275
34910
29272
63987
84691
88494
7883
45610
16584
34064
96784
85769
63702
54949
5929
4349
2443
72168
30674
48512
70398
92288
54667
89166
76100
382
38557
94898
17779
71727
8190
67087
67025
32385
26073
36692
84737
14534
15565
9172
36412
55843
2192
27228
41344
27290
21777
55798
63181
50570
60644
64782
64626
40086
63813
54027
6186
7536
9037
47847
22039
67896
80621
86801
98902
15899
95803
18581
31711
13734
78001
91607
21087
57213
23921
46899
30176
47542
75217
38262
97375
96112
70185
96597
12494
59235
22241
18474
231
83125
54106
86552
58028
8204
24978
70419
73663
47100
67791
27870
9211
41967
65488
13751
41917
47615
53674
62958
39909
39661
37691
80050
63854
36149
16668
15933
7154
14861
26228
69900
7872
71035
59909
59555
18932
79075
81159
25033
2303
73151
49352
86839
39359
24127
12988
81748
4815
33035
38935
41906
83908
39233
20309
8981
29611
4493
72815
38733
38903
99317
36526
45705
23920
97934
92687
83285
40981
68598
40129
10865
36244
23294
99257
74113
72556
32819
67569
44599
83603
71673
80285
26163
10757
41227
81861
52837
15943
94500
22271
25453
2236
20620
5878
59754
16969
7259
49300
81922
73033
20527
4012
32309
2517
30909
13561
45263
42984
24255
70323
11907
31705
36178
96054
61401
97914
58913
31752
69014
60494
51556
9632
92555
88395
77364
38966
560
10260
93947
80485
71456
33643
33917
44282
10536
5554
17113
70543
6810
53873
39461
1038
18478
96961
83124
16676
76546
70115
23042
8459
57706
26589
29240
32338
37472
58160
60690
21441
28813
51021
31235
76977
78346
84554
58943
29216
94998
82694
39022
43791
96339
78041
44774
87123
61111
30998
58629
75782
85814
38513
78541
85320
46658
96510
9257
42712
46816
13481
99267
66746
46291
95519
25152
30284
40048
63734
46632
85574
8719
89487
59271
57978
98928
88235
44547
35448
62724
7934
55502
67037
72245
83898
67579
14736
65115
37561
77918
9692
78710
47706
98730
38878
8849
98965
20718
16012
39181
30505
3692
86520
74962
11063
39066
15790
81048
99548
73659
6265
26675
56756
86663
75493
19031
772
12891
67710
79208
13544
55442
97400
82477
65526
16514
92676
83050
65597
52512
44621
66092
75167
41423
33390
36837
74638
25137
51051
22530
50340
81724
99787
51819
1285
9797
59154
41567
11824
40083
46978
99074
58897
19994
17198
37570
32044
44435
82515
76652
44388
90286
46689
58327
69569
78990
45888
90776
45488
61194
35109
31975
39515
83143
28828
87086
93391
66148
41939
39963
59609
61718
13389
95948
39080
70841
62115
56943
60337
16568
37087
82044
11759
29501
91709
75150
4778
45969
66335
13626
89893
83755
80109
41505
3449
62722
24831
55083
64703
30498
36759
13402
283
8692
15840
43810
27791
42739
37058
17597
20476
89938
15596
80012
2691
32316
37296
24777
29907
62369
2485
86588
74850
47938
3834
7987
17443
23988
39260
90398
39853
51904
8086
85495
64054
76961
14541
69147
34790
84374
2822
35188
57302
41933
41770
22946
63967
94956
91792
48592
27131
62774
62147
71717
53593
9986
1778
72283
91572
47156
87763
9457
87214
12543
23438
87787
8477
79820
95898
37545
8413
41617
830
95216
22190
9710
27548
61229
90800
68870
73140
81455
23124
62541
45748
90496
99082
85839
4987
64723
37881
23955
69408
8401
52424
82630
98033
4393
40737
54132
27212
37217
48553
12394
60885
63908
22863
87460
17167
11790
19144
36591
16840
22325
38548
88591
77366
47302
63788
85848
51142
34248
15970
37332
64476
56622
20320
6729
87922
84503
99074
50259
38262
43244
62819
12711
676
4889
8654
84070
88265
83919
29247
75342
10017
38930
49999
30753
57537
68679
32810
75570
8129
32570
42750
85747
92396
54118
5583
81137
72442
8698
2778
95457
5627
68393
23469
49084
13587
60826
12476
62521
33542
12957
61673
51577
35528
14838
725
91080
49106
67475
97493
83546
18626
67391
47985
78540
50134
12378
95574
42593
28027
69716
16922
23812
98025
93468
37751
1133
83099
26766
84509
62377
22137
12465
35401
33493
53356
17781
92596
44432
74149
97979
23456
82426
36189
92048
84624
37343
43255
71436
1899
21888
15710
34526
55440
82572
81527
81548
55739
79120
66920
41112
25491
21665
18945
55420
86281
98331
78906
58246
53619
86644
13470
47409
21514
91178
45419
8785
1942
11482
68182
10602
68479
42412
79453
5433
81152
10758
50948
65917
46474
84101
20741
1032
99498
70451
87214
93438
85138
40550
13468
13773
98183
1519
90253
95171
18645
56780
52161
21587
44735
58739
57194
53956
32787
48574
89706
3730
26315
86946
3264
34810
26450
5547
14939
89951
53262
45665
43283
77355
68528
68152
67294
74969
21763
85802
16059
87681
80479
96152
77527
50955
85620
26459
12695
30976
25084
76142
46903
80987
85531
94447
95763
12781
32407
67440
73198
13647
49662
53023
63021
93830
27955
48742
58172
11017
33451
34816
59077
68443
17718
52327
95003
78565
18256
45671
66322
82380
21285
72825
82504
44866
55220
83017
18906
5243
99577
85490
16070
68741
343
16010
46389
12183
40807
30780
479
53151
94079
66859
31318
78232
8489
89538
22596
79689
84657
51518
13384
57748
77634
12599
10317
29774
909
36503
75459
36399
76653
32396
13172
99192
75397
24387
67328
3265
94340
27607
65141
92577
34503
18995
295
98302
59721
96954
40032
72027
95806
33409
45681
67379
47550
43219
27954
10089
70630
30223
84176
55314
123
82109
65575
5841
83831
48694
17836
79005
87783
77791
12889
80903
43344
12283
11833
96379
81568
99937
88987
10081
88690
15849
65321
78191
42165
42132
95960
91907
14089
82682
94452
17109
14234
88484
92248
66011
18204
2610
4439
42848
63314
79222
60535
92220
33760
11652
68146
10734
25287
97167
39341
67018
86760
23795
32773
99694
1412
23644
25851
91051
57260
45831
16604
9253
46085
32920
63561
46691
17632
70346
68620
5068
79066
30610
85805
49880
98017
77347
23305
5142
73920
35182
84422
19818
8906
73438
43810
33635
64759
72625
21342
63140
70916
28903
74309
15881
13325
12885
60155
13691
7369
49574
14165
85445
57584
67598
36724
66895
43725
60596
77769
56450
32267
20344
98787
57914
96331
71504
32275
979
43224
29222
13204
39873
14351
16292
99495
8534
35738
46398
27305
38218
10210
36803
82344
52417
28433
71230
30948
21670
36962
57852
68836
2058
58762
96497
16331
39516
11463
2957
16119
27193
5835
38688
10384
36614
73840
61312
36615
66812
9182
7973
18833
59141
65346
85410
57336
16264
41509
20653
7497
36114
30831
71053
21718
26146
41057
56092
56737
37978
66599
94447
59477
42422
42620
51940
24279
1217
25781
30062
68324
51427
45031
42850
22640
60994
83886
48323
61241
79205
50563
96149
37168
37286
57201
57988
32308
74987
36743
48625
44976
1764
92741
72013
93942
49930
81305
49415
89533
65917
75906
89644
13429
64764
59543
74811
75890
31947
84762
4042
73834
31095
31428
22479
86385
40699
67556
94108
12012
81407
12490
46238
4263
44230
96079
65360
7592
73686
74914
2257
82543
91551
91280
95137
47452
55079
33792
25401
39573
158
33633
90720
46156
8324
28439
25519
22289
29758
35606
17007
96757
45902
88755
81251
30034
19162
41549
77667
20482
31538
44842
87219
2758
1272
1585
98071
14777
54280
36484
76123
11766
97341
61888
24602
80640
10648
54417
55934
63348
51968
36906
78880
90093
58706
59403
70351
29421
34069
81558
30635
62526
81340
94626
64537
77746
43780
7681
74153
18332
95066
35594
83515
96236
95044
73168
10515
41488
49893
48835
34303
76125
59936
80338
42410
66435
22009
42541
61672
79344
13026
89881
63337
95617
59983
30154
68512
83038
12752
30199
67312
57234
1700
71261
18998
31425
71272
20385
48833
18564
47909
85095
93283
64058
17595
59460
99850
41744
12467
30167
92215
63485
72800
27771
49039
89389
65912
79591
94233
73532
87219
96866
30490
32514
43453
50460
78527
96632
45845
45412
2238
41597
58429
87854
78594
91744
94887
92084
62439
45443
23670
17410
68888
3316
10675
58899
15435
55637
88303
29517
99320
56163
3831
79632
84857
97686
74852
80221
15512
9929
17517
30065
98585
20725
21225
30542
50998
9833
40316
58519
50661
36600
46098
468
59855
50270
38071
64480
51636
51340
8734
82694
82603
28356
95371
95145
86669
57354
20033
2202
19657
84619
50083
87828
59431
2807
37459
84487
17163
10098
68894
14539
48938
29983
29650
85682
72348
31150
12067
97265
16573
45771
36917
12955
60856
66000
48621
1223
88324
35519
35929
93295
31002
21048
5442
74401
79287
62247
31528
21272
18326
69797
22373
77079
17200
63665
47387
32165
77258
75870
34678
8002
66057
76049
50521
87908
82550
13842
98257
22520
34573
29992
87609
39030
8678
2160
24415
83684
17639
34845
6685
90156
18991
75825
48931
80521
53370
32073
72542
31300
43279
61991
1079
28864
39415
54922
18648
78718
1497
1293
29449
57753
71240
94552
67956
95439
76232
95839
13646
