100
77435
68157
68400
38861
20192
17988
58524
54199
96848
47622
76637
63849
80882
94751
10877
54125
76462
38116
46491
53390
12631
86574
74383
53375
11925
77778
10681
92183
91182
55691
84094
69178
9949
76519
54029
11920
79749
15112
14850
91066
34329
26975
28551
94461
16666
66178
90628
40668
9051
26625
47563
30937
97431
83134
88281
61884
84025
50799
93841
61572
98373
86769
27947
81762
54255
71549
56330
42209
79960
5967
95309
48043
17157
70070
80909
99055
93993
81324
86789
74775
14398
73797
75444
74444
49550
81494
30320
47497
16679
35166
28978
11041
663
6087
72530
47814
45365
65790
64103
19646
