2000
43166
57071
70260
24814
19338
4113
30844
56693
86653
75605
42402
67273
86016
82653
14157
58449
17863
14738
10017
81468
71043
1615
64681
37890
32469
6330
67618
91084
79678
51995
42540
99639
81274
69643
15074
47060
75680
83344
1187
24177
99705
63097
11441
50175
69296
21437
72711
78701
75678
32509
22685
46570
22237
91866
28594
86041
87360
35547
72243
57982
53847
11928
95202
13104
56720
96544
44905
66418
5194
46374
20249
15204
38235
69535
67814
47723
70862
46988
43168
36571
16095
40578
29183
89662
77431
81001
60687
68912
98700
43061
60591
79272
54348
66216
74480
14753
6576
49854
26657
12317
38188
91114
28110
61546
62433
68267
52191
54006
26769
54803
58232
86451
14319
36694
3039
28559
11217
2894
82216
12279
3167
39355
15375
78664
95118
28893
47740
88875
96863
59900
10311
65915
24267
6355
53774
16810
52406
59864
23038
32355
22508
7554
76503
66966
22057
52333
87065
17045
19189
96976
20112
99506
26130
27085
34311
64383
43136
78874
75358
65818
33651
76521
72330
55822
96286
22838
32224
59002
87198
26814
51200
57394
76079
95339
8806
68838
33327
43390
27618
79789
65177
28893
87388
90854
5205
80154
5998
21629
79254
93600
72796
69494
32302
90597
48373
71203
39464
10820
40706
63782
22090
90593
21839
13290
31569
37026
68689
83607
37460
83231
58770
95373
48761
38267
7726
63801
93983
11569
65285
77924
59300
81282
39782
40177
23616
89548
63307
35016
31267
55764
13420
62174
78721
67849
4176
86437
25155
16471
87884
97000
67903
9858
37922
11269
272
53613
72039
85066
29421
68285
27092
24904
34395
63455
87487
31551
22002
5974
2478
3043
24827
59048
44747
64232
71538
29582
64087
64305
30409
21001
8272
75089
30479
89064
62434
33497
92461
74548
55248
78197
41352
57933
57974
43089
96817
21641
13442
86133
44267
94549
27213
2392
47482
63363
57313
18473
90404
11209
24246
22093
40158
80109
37845
2470
46738
48189
73186
12263
93493
80221
3987
26966
87146
16475
31073
66186
41354
99198
12890
62335
78626
83341
21501
395
78229
77960
7844
85962
84651
86569
26676
71660
43754
34690
42190
33081
25100
11809
88389
47874
5180
24916
46168
37616
87139
44837
96167
50082
45255
42483
76623
75128
37502
68409
12611
40891
11862
27596
13506
53123
80012
91081
24453
81559
19495
48172
62015
10762
60397
76075
87909
12845
87995
56180
68476
79896
18652
36922
63744
41640
20510
89509
66830
68050
36539
5349
9764
8062
55554
48175
90257
50324
90536
39019
25186
35483
64032
60101
50469
37055
81153
68731
57219
32727
65829
10142
1985
6240
51254
95630
37780
9928
79215
3100
70567
13320
55291
46851
54067
87284
1245
14854
83879
64340
17123
27257
7609
32804
68
55173
87143
1742
22672
28101
22176
43534
67708
51247
60619
71053
93115
49180
34051
22243
76396
45216
40066
24597
13413
42635
83887
9819
85911
65637
12078
46724
69479
96859
17886
35705
32896
74008
44592
19696
57912
47257
41582
73163
7841
30146
90235
96505
7830
14635
20463
56690
90397
5712
85816
49102
32339
58095
30166
65470
39725
28043
97723
17613
52565
7521
3919
77886
3663
41874
75974
23427
79904
5749
66469
58855
82913
72573
74448
49705
2834
95173
49058
40811
91662
41534
32093
6672
56755
62607
84505
46930
32907
83311
52471
90508
21544
67437
2997
69461
41545
27122
29374
68974
96349
70135
1972
30037
71639
6262
31265
57274
85272
75597
63820
45622
92324
24840
19617
59656
14660
94267
14151
55796
91887
59905
15981
19684
78582
27671
22089
93068
78171
1057
82915
13218
67208
2486
46645
86035
78402
20629
83891
13983
62495
74054
92070
33913
17656
91758
22134
21544
35516
96777
27518
78669
63899
53028
40709
93836
32918
14780
72493
9415
49648
97514
93396
82503
14944
12088
36697
98933
838
17972
70795
69056
46955
96438
15235
37116
35271
65867
91569
43758
63986
70359
41039
54281
80564
58874
66452
1320
94426
8578
91423
83523
44909
86848
32431
92339
58988
13138
50137
62089
91247
69771
15061
18419
30689
82435
68709
92980
57515
37668
93528
6187
98457
96116
65411
42575
51792
32719
47276
5304
21214
33166
61648
85984
20623
39258
97011
59892
11436
25581
36109
81074
45156
57403
41662
6534
72948
44319
71151
16867
69643
58925
47451
38720
97800
74051
79319
82667
36803
68673
94813
18607
33182
64069
19090
14239
81377
87196
88483
68778
89479
95491
62778
59423
78830
74383
13737
25066
39525
78442
52080
78321
31994
76120
12960
11645
93328
16939
52976
93358
42046
36122
27450
87157
4552
32221
66582
21218
38899
98526
24076
15981
92884
94862
47495
65201
74621
80130
45918
7836
94789
21254
2563
33463
65285
90190
11767
61647
42704
24398
70939
57147
43296
17526
33486
27575
19908
56999
94415
96822
7206
73897
86989
13807
50005
3600
67820
41279
47112
42566
98126
19536
60199
57752
5475
7581
88741
67167
56634
3767
96449
14789
83735
51345
23730
40156
13662
44972
12614
85605
59594
30996
70505
85550
58019
51141
93067
22824
98836
47698
34154
58893
5970
460
58716
32726
7382
69930
53963
67171
31099
42871
89076
19956
63387
38738
40326
42992
86116
12975
82230
8938
49882
9280
43822
58965
53818
6050
52256
47904
1238
56619
75102
13472
60536
98985
66629
94688
86884
68806
30938
10656
22045
23251
13594
17981
75094
96182
12037
37890
39385
83817
94800
65415
91495
24808
72128
92765
61567
75067
51592
47670
80686
29588
9861
67282
15088
65239
73776
91355
42549
63644
69670
61168
11842
9898
86321
25541
76175
57075
73378
36793
12513
26148
19571
55522
82106
57871
36772
78852
72604
88504
17623
57099
18336
12522
13210
96567
3787
67863
73438
63385
52649
43483
90448
94066
54403
14067
54780
9651
7789
37452
23310
98242
49943
65418
1312
79111
18947
33800
59778
79146
28865
63305
83481
49444
20110
85680
95851
23343
94822
42463
33729
42400
50673
15125
1944
86181
67785
24516
26521
70982
18137
10541
5418
70255
48972
70834
61240
57191
75719
70630
31747
82009
22179
72316
16159
79282
48397
23886
21222
62093
14470
32174
38022
56186
80868
55181
52315
84882
56421
73387
66920
96674
76115
26627
71083
57668
72286
18644
19328
15088
15214
53262
16849
82857
31723
86908
38722
45061
78159
42946
40809
8002
58622
44840
44214
6330
82100
21777
72537
39057
90817
89071
14069
17236
52550
2134
74132
20758
63615
75079
77688
19489
12769
87033
57435
86109
8182
51590
87980
92038
14917
23597
52946
29816
25895
4904
86153
93782
19008
92991
51876
76922
88197
37179
24631
6459
43454
51168
65123
92701
40496
86841
20137
70010
55714
84956
9647
45693
72173
35350
67666
65423
97350
39649
1515
99752
61744
86733
73640
96486
54792
94487
34004
83427
10249
90872
62877
30158
63923
82696
47961
70108
17127
85859
4391
44870
45472
14200
90247
61247
50197
49463
470
47010
31371
31982
93506
59063
45698
35312
1697
59788
39961
16005
21477
78798
40229
85758
81675
86643
9254
58806
78591
66798
3369
69101
28102
98022
77516
41786
74127
62884
52144
36968
61
39080
60836
76551
97698
6781
142
58426
6111
37157
56707
59483
11985
91736
77913
72702
24546
96054
78943
57084
7508
38683
61109
92739
97109
35081
49558
76436
83710
18354
74165
39250
93117
75517
71271
30771
15012
45489
72924
5541
21787
44331
27283
53083
19217
89091
96900
58960
82358
37064
51836
76259
88752
97919
92310
55174
51300
45456
99463
11860
39633
30798
42809
57372
32628
7388
24876
39926
1476
96586
15998
70885
24551
83573
55996
33817
88334
73998
6088
12356
40462
79502
21498
40253
68010
82607
31971
30097
87672
4486
14366
67961
87214
60441
12536
99630
20382
14875
15711
3296
45166
38556
72723
32129
45375
99292
19196
94781
55801
68776
47323
1456
26301
65047
80921
47748
75927
17245
40903
20217
91475
90441
16114
29047
78527
1236
72836
81585
59011
94143
40323
24225
22929
47616
94609
87972
43753
72774
77722
84419
7698
77934
25847
13482
85994
67526
66178
19843
89388
99317
16587
43937
8755
88259
49507
7084
23919
37762
20956
95341
55499
53260
17838
38833
12688
34378
48914
56276
53214
42860
98801
4476
26660
81805
35672
69698
43214
53803
93273
57880
78033
10032
64843
7330
77460
96676
82189
1498
54703
55919
5305
39588
70171
56257
6791
77584
42139
30443
25257
81050
10341
33155
47146
87173
14060
20643
40219
4486
40727
65813
59639
73246
93297
64806
17867
83473
96867
31956
5508
86873
77384
48089
25984
59300
78205
30975
21537
32410
38629
79921
77911
76035
67010
55065
44796
75250
6069
65367
44142
29681
21428
37056
87694
85405
97833
43371
89424
50304
86731
49017
55338
25563
205
84235
52690
81520
389
23062
434
22736
28755
86691
87737
55421
9025
11745
42421
59797
98037
39303
35108
68226
88656
75429
76551
17312
3743
73821
39916
48099
35016
5994
40103
11522
66875
16110
56892
80414
37595
35055
71131
5298
51357
69550
37853
25327
94248
17166
93796
33288
84321
80555
79012
24274
7103
49281
91930
3376
67938
85824
94338
11016
54904
14940
4325
3878
3663
27741
86591
70610
90316
31600
13335
40179
41390
1472
16739
8982
36056
18250
165
86338
41485
9650
70565
48475
75733
33202
85706
11832
24042
89824
71617
445
59340
947
24771
28135
61896
72314
97708
58846
36190
68400
3559
67972
28762
8317
50340
66658
39459
31416
98903
11966
48092
25626
41351
64836
483
43242
78793
85991
54551
31894
2138
25980
19594
12062
57725
68179
6589
55941
15448
24930
36031
9153
32989
66907
71101
25930
24787
67130
23244
68488
3966
6403
545
74107
40525
45672
72454
29271
18365
29813
41279
33480
42634
913
97703
82112
96043
42586
14914
9947
86754
64835
74561
42910
20644
3488
19088
99919
50255
62737
12691
72580
80065
98777
93053
88101
28462
70391
58459
80495
2073
58516
908
27563
60040
75216
39823
48186
15665
44316
457
23940
34942
17599
41766
27677
49402
78885
61363
7792
94487
78045
61753
10025
24143
66808
41384
26167
65680
16980
93432
71384
61768
89075
22391
95126
71479
27626
56577
75366
28793
39535
20655
53769
57913
72028
48490
33374
43986
71
75439
54638
58188
6576
4961
62903
99370
12909
94248
80162
95759
94467
28413
54944
2836
82151
72720
19918
20946
77661
11805
57579
21651
6546
64791
5538
65478
65032
80883
86181
60633
15659
34780
73317
78517
2526
57708
63457
20307
44688
54575
38670
22955
85727
20931
45581
82686
81755
93623
41208
57612
98260
78479
17778
98491
78059
69804
72764
29405
45021
31936
71902
77944
25983
82264
10363
67253
3430
76494
21056
57642
84478
67504
20360
78195
69968
66124
65634
95450
29819
74743
31578
71810
46689
28657
6066
70895
62560
27149
55536
30794
33820
62054
27851
55509
47168
22418
56521
3234
80822
80051
83324
89521
99425
69344
45020
72557
56890
45167
94388
25479
92424
70287
61156
61731
48651
25365
29492
17598
2293
53683
44231
1305
10073
35280
85874
90292
6235
50125
38023
14715
3268
92737
12203
68894
17750
88128
28780
80908
64861
76797
36928
10438
41854
34833
18268
989
28722
32062
26151
91174
25402
48433
77619
49456
92402
43235
63580
99190
89094
96677
34620
40250
34042
89736
35165
3233
37419
90296
88714
24129
88359
80661
26981
48798
49519
59113
53378
45326
52702
55819
94702
81137
27643
43428
10903
75876
90401
43798
85975
53241
68580
46299
71930
32727
73425
73130
40509
82825
19027
86742
89620
51155
35585
75879
82679
1318
32990
57731
27660
64923
42834
59554
16755
81771
43854
32559
58410
82762
12474
64973
61059
47009
71204
15338
45402
21687
97444
92272
75253
2986
2561
28791
71589
4020
59828
6282
53287
72809
91722
6494
9025
62948
24636
16096
80641
60786
50446
97628
74436
20221
9581
47929
75957
41490
71883
34020
67398
37263
26227
96514
63483
46825
61099
28139
45233
99010
26276
14407
23565
92291
47943
86331
73933
5048
87670
24322
54897
83198
31618
2373
52632
7141
88367
53747
58457
31330
37641
49818
66511
61524
79459
1391
46848
58043
82522
43839
76391
96497
56913
176
89703
72067
87862
81152
70042
79871
27754
3458
15855
87523
5548
55629
38518
84027
95389
15166
34212
92639
31703
35833
47039
41880
3009
38968
9219
9067
38504
85739
48471
4147
13717
46958
41243
50599
66412
56141
19379
89416
35383
67010
64316
58376
68428
35610
21454
34391
96058
76048
89191
2115
35654
81278
1746
48221
83606
67651
65715
65659
13758
69566
28810
43309
85016
16178
1654
45090
57282
98878
98144
6168
97848
91425
35505
72575
56159
42173
55844
61174
43321
54997
46265
65683
14419
97614
51684
25828
17973
88345
99639
18441
62021
97855
79823
56860
38963
77387
1323
48482
19145
88926
55221
47047
8081
79884
90894
62513
84634
16345
72811
70256
86226
