500
31118
11229
68586
64438
11516
92516
29989
62570
69835
44363
88981
76527
2564
32705
34903
17562
96383
80149
81520
54463
59896
1951
31433
48199
51302
51689
38536
91507
53002
14261
48413
87264
33662
29308
11823
23454
19227
9854
81784
80523
99149
48599
63075
9072
37164
35293
66915
55772
41285
80153
27753
82787
34499
43650
32499
95015
48647
91010
8828
21673
58021
53219
82523
39294
57560
85483
42180
84153
49166
90841
87113
74876
2569
52514
55803
51125
90656
9501
89264
40196
1563
48131
66296
22849
95734
26830
33672
99856
91640
55659
87022
86887
76671
17130
96240
26809
38885
12977
95311
32950
69878
92274
31673
7399
84586
35285
50905
54188
75251
96484
5850
23224
40974
66874
13317
27189
58857
70443
95521
65223
28317
44663
22266
45547
71018
89381
40265
33463
63001
32401
39424
12914
12227
30864
88504
30268
58706
91189
45296
30988
4328
76480
75964
94337
62621
21079
58376
59319
6426
87763
12767
84505
70296
96597
21078
35779
49868
66072
50192
73944
59209
58068
33679
81189
65600
88875
79011
53559
48212
55141
54338
39269
11681
5697
97937
17494
97860
7030
45673
16968
85946
88683
86389
60815
16654
21219
95805
94925
16258
13626
78056
87471
90269
90361
69759
52617
41500
40605
5532
17542
17378
22418
85899
18044
32280
21246
7318
48404
50877
41711
26210
45306
49970
81117
91672
57223
45171
93561
39330
77366
55129
63789
10099
99792
46522
98115
68795
10513
69930
7575
16409
63033
25435
3134
21408
12358
62027
64840
26508
4882
48809
42203
97713
47916
91045
42887
37630
24739
35178
99764
39102
68311
26677
68628
19698
55005
87501
55118
18205
19983
23373
3854
92004
83893
41614
14384
18669
96785
64326
13731
24102
70040
7287
88505
78583
17241
55375
14039
92951
27895
50774
50182
80596
48999
46621
34824
35517
25101
40746
56155
12190
26785
38027
91834
10402
81417
56540
86466
30744
34309
24910
6819
91988
36874
35028
42342
94407
27185
65219
30323
61081
13250
57346
7816
9806
36668
58267
3020
11562
72093
12052
5110
20907
3960
72207
33026
45335
67891
29078
82278
63367
96978
2894
52877
37812
54497
15406
94459
88078
83181
58740
95009
79843
49675
4907
27289
49419
78232
1321
54725
45756
61486
91859
61551
31705
18478
76739
77115
63608
91469
71818
93874
92811
16044
34402
8741
27870
47547
86245
40661
87633
77004
14826
78074
90649
94582
15630
82739
82455
11762
95973
70758
60581
38143
2593
5029
26737
11215
99886
33158
63476
96846
96475
88370
26517
42123
98715
44630
93738
30100
2402
82060
50784
98813
65045
31516
61036
46915
83687
84369
16756
42391
71372
10910
59430
74489
72845
66075
57105
75686
47943
48441
34488
18721
82313
41107
43935
71452
57233
22747
82073
5346
91770
27233
9338
71968
25645
65397
18683
73393
21149
602
4456
88692
97395
61818
38069
26389
56668
88501
93300
46005
23819
81307
9782
67517
75963
66505
63484
42401
53469
235
39928
48915
25243
95610
10292
79538
28293
42738
34300
41535
99604
44050
88930
47008
32485
20787
78511
2690
24906
87666
53755
90884
79598
4365
37066
60869
14379
95567
69174
8300
90230
69775
86184
41422
85281
22966
2623
15671
