5000
15903
74962
258
79127
25299
8103
47561
67487
18250
9924
1141
56574
97266
6163
73431
92906
52860
40206
826
50771
96266
21714
87692
68726
77601
7914
66477
89861
12484
12387
59678
34694
26494
46702
22628
78493
1629
7489
5595
18563
42111
56881
75259
5141
14463
56858
79854
17666
9475
46035
80713
23435
52364
78676
63924
89248
98542
66693
59956
20401
76890
74631
51626
54731
65299
67002
1182
59254
35838
26092
76620
96003
10312
34123
82859
52584
20405
76534
70451
42726
3408
819
46853
40090
98822
68994
96230
5114
90710
39372
59973
93402
69731
54983
17968
24352
22363
70232
2691
48729
19171
22033
39685
7652
35746
92673
87573
77356
24644
32240
43304
8342
58064
22621
28327
19969
63051
51112
83802
1963
81502
55695
58012
96498
29331
78628
98803
27969
59916
81602
85231
59188
9293
4793
23303
96935
97545
35464
69199
11176
1144
4519
98100
53202
992
42184
88805
39216
65940
16864
74399
98168
13751
72111
50816
51049
34086
61090
54546
71449
51001
63413
66944
50428
76053
14687
64326
54763
99556
72370
88044
229
32640
93584
14464
2575
63777
25247
59749
39176
28701
59500
56133
76339
13256
97224
47295
20602
44200
87305
68360
27880
30280
36036
26482
88747
73901
68157
92246
57196
92418
12872
16379
35659
64153
11757
33342
10713
96838
17037
21703
54286
98184
1508
56923
13723
3099
55073
25792
90656
63832
28725
45647
50167
20170
7198
55687
39334
10
16846
48078
66073
18171
69067
34215
64343
79823
60781
50928
36664
2504
2259
8517
12241
91291
57989
75742
2329
22798
44260
23059
98680
64552
6507
75310
50836
46901
62415
5743
95193
8513
99719
9065
36099
45420
90041
31604
93766
97878
42906
78115
83162
14339
17099
80994
61366
38482
45879
47238
70815
6752
26481
43537
53222
19588
4405
59464
62710
82607
86079
1613
79329
14035
13596
2301
17868
89388
69217
68847
97081
98713
32987
6987
56828
39336
51558
4192
23051
11486
66153
26138
8795
39867
61226
77296
18510
10938
6369
29058
75088
35892
14987
40419
49780
30727
84077
93362
72810
33965
96251
73122
20039
298
85925
10733
15636
62607
77187
44326
42775
55268
74803
7628
5951
81960
26655
16858
15625
43426
28232
83580
37803
52962
91896
23063
33045
48541
721
1603
39814
52733
16652
50140
24966
21843
69242
62946
46452
92489
40829
95156
51750
72156
3444
93427
24245
64973
34544
20295
44501
84522
17896
3397
40540
74587
63958
64721
29814
30435
63216
13799
1583
75302
52505
34467
90310
88863
83159
40718
6062
4140
6598
59917
11714
69110
95994
57067
58909
29051
13716
43113
35617
69041
14685
28735
71456
58209
52574
68070
65817
53613
75476
82758
1642
14946
17723
59023
7217
4437
68522
24308
73730
81593
76292
66219
77450
49809
37854
98835
69253
92175
83508
10277
60225
99603
59186
69948
61442
3900
27565
61134
8748
93586
86293
79475
27086
12956
17523
28936
23964
29326
92713
81078
94187
50926
5632
68513
30625
3291
13867
13890
72628
66187
89524
36829
51014
91948
38286
52297
14298
60492
22909
99012
34428
64655
19283
32202
36862
89297
39654
62844
66181
96250
64184
32277
60710
33787
62918
21215
74520
69255
81102
23422
47837
64251
70825
13114
17769
68477
2384
68795
88393
25042
81177
97663
48374
40349
94212
9205
14450
78269
82785
3270
45800
12671
11946
6753
9846
31631
7969
8482
89324
75334
46474
10501
45035
36303
8440
93830
99919
44835
33323
17792
23701
11936
98149
83755
82017
66523
43374
97968
86164
8364
26586
89947
40864
12286
49732
19961
18443
69632
1823
56352
81546
35268
5410
89107
38296
39306
76505
95972
20048
21594
96391
72680
18358
83554
28230
54809
67544
53296
83249
18578
63439
15406
96738
35870
24276
66941
43481
13659
43637
20057
77100
70168
43781
24894
26787
75406
58883
30409
93904
23019
29332
15222
73946
74447
24469
79320
60130
29001
4858
77495
34304
82648
49683
39357
2391
86139
47818
64545
35674
36084
30602
42355
51417
37257
46645
26473
81751
61285
50809
89394
66425
84808
46630
90309
24633
33554
49682
13104
91863
87650
3484
35329
61708
43166
16731
33140
66928
46205
54671
24159
96813
53013
63682
52886
62674
85825
65597
69631
38557
54305
34154
11761
40844
39510
59885
18042
93939
82238
68747
32117
71314
70672
41598
44704
47795
38130
93383
4824
27309
32969
60335
38857
98908
92865
43133
99286
57843
32069
98062
38524
96336
75014
19330
86581
40762
93517
26594
21784
30459
86212
15990
60693
15129
68917
24080
19943
58143
26166
66722
92472
15706
22089
33903
2501
67112
42282
26154
75909
51371
87295
3402
96143
3866
53024
7822
43460
13612
89994
20530
69944
63828
71959
54590
14601
20582
46563
38840
3868
40264
71902
49103
3319
90983
76079
72069
60595
19654
49530
60381
54541
63152
67136
11055
33704
77883
78338
51533
80196
40594
9406
51212
37268
9460
89789
90961
39136
98818
52203
89025
13497
8973
26579
29245
11617
56538
41056
18306
58317
28095
7694
8313
76051
54138
53646
39080
67793
63909
31412
68483
29075
56035
5948
80334
76431
14020
82703
60795
72650
44578
96876
19110
55568
50876
7027
35436
83276
79233
88815
8748
38340
54074
67977
96397
95096
73051
59527
61464
96
64295
20895
36396
16825
41817
10459
1361
97738
34876
46356
18734
29960
63845
39782
69795
33445
79725
51398
90582
48056
8430
44425
71271
82806
39326
22094
57582
46453
36252
85419
93421
18508
86226
2378
33628
81012
95049
8595
96858
81157
13393
38275
68334
77439
34705
51550
73647
3529
76630
27439
73411
95242
39272
21385
82928
69159
70672
69356
18317
39090
48976
29348
74836
64757
32726
79426
90923
15257
54599
13568
17432
32766
59004
63072
65120
20770
95319
40095
48668
61126
91907
82071
95262
8952
4960
87822
72911
64903
19241
6210
93321
46362
52904
73653
25998
6041
94900
49459
14948
53793
19775
81151
89279
97257
78628
5081
49526
66046
16494
34240
72496
73320
63236
64451
80227
90408
64140
16581
19207
92703
59127
70820
91844
72348
24085
98710
5918
32627
96758
83872
99797
88481
10448
56486
58179
11625
30558
69523
64451
64655
5911
77024
83694
43155
32705
64179
62589
23829
25036
40968
8620
53285
48918
45067
96047
43192
19825
8126
69039
53416
57867
44896
69395
25473
36338
80673
54726
28760
55725
94065
4816
50431
45179
63043
68864
28199
95847
73014
76351
81581
8103
7470
86767
35234
28311
78337
20108
73586
71215
17852
63556
29690
88368
68542
26746
30139
47200
35997
78848
35726
55587
97464
87660
19492
27921
92743
54262
91259
64843
67409
52780
79331
69198
89762
55385
66234
32414
16807
60622
27676
73286
74714
37916
96322
28137
72298
49260
62748
60072
2337
62394
88486
63488
13825
4330
52433
11155
13250
46933
86757
13635
3065
77295
40817
25322
48171
97150
42016
26288
83815
85904
76761
42050
2689
18369
44416
73253
29318
47500
51408
9919
77611
15077
98920
63725
38204
28343
70609
35430
37535
78569
24569
40655
93966
63484
73607
99474
96369
88442
55538
61874
39980
77884
94914
9212
40311
36315
48385
2817
97942
25569
50869
7797
2658
86099
82832
36297
75425
45825
35271
80457
91385
23837
9009
24714
7164
45254
30271
54976
57578
36447
36405
15201
1967
58404
67709
87705
18258
36435
44220
35758
21519
79245
32547
24608
81591
76700
22919
14762
21695
76472
36237
56682
65753
4813
52978
14427
24923
63335
84510
67959
56613
21103
33838
22382
60854
11062
77835
62649
61848
61352
15911
41274
35452
95042
45835
92673
12686
50207
78683
47787
74797
47211
74060
89295
55487
67868
42210
52327
10663
52730
82313
63623
93457
15244
93995
83058
78647
71858
81502
88801
61446
22098
45530
21463
29046
32505
63805
23806
29223
84943
6988
33651
92388
74885
14731
87837
32260
6906
30451
63433
73370
8752
95084
44630
24762
17664
43687
26911
50476
41794
66894
51847
69281
23200
27268
76092
92039
29341
81821
67752
77695
14909
59749
11345
48372
14013
13505
67933
99078
72018
43033
69949
1755
36134
28951
74408
86996
61434
39919
74840
55895
82395
30105
32922
23429
75536
1192
4682
34949
85258
59987
47658
20855
76099
9793
56055
33427
59402
97864
6504
59912
60786
18153
36510
86638
40142
70004
80598
67460
26931
57569
21264
85943
84358
94764
38145
82931
324
16927
47972
53802
81116
68719
99096
59044
54094
35641
85568
13974
34831
92671
89325
31461
86282
98600
9583
36170
7702
35896
21941
41629
93486
88504
93888
20387
58327
15961
64170
77488
77561
14342
40311
92148
40789
44977
51645
63075
11392
39078
29151
16526
11457
60653
69433
39473
36812
31358
34249
6434
80336
17232
60542
67080
38178
92097
38170
91476
39892
64875
51594
95747
18488
54899
63120
34296
9383
76922
69559
85121
46823
226
30892
16655
2425
14841
29933
25352
38258
38084
40721
29762
19908
72467
52813
16596
74895
45077
32654
30137
79472
61990
83483
78968
39644
89457
76225
20359
38696
10079
89032
45257
51249
84419
52531
4380
66917
8903
1808
17002
59272
83644
79316
78235
9968
21516
23980
39302
82513
79147
46643
22649
73217
418
77665
61854
80604
47573
38564
12331
7438
76398
72915
20686
67672
89613
62447
62376
53713
42797
30812
19603
77043
29484
97409
62042
44421
18627
30650
60932
88997
65153
87038
71289
87958
90363
63195
40518
55599
26304
95790
14368
64871
94487
4649
56689
72179
91712
73257
78415
64940
41119
2054
63301
49063
5033
15740
61699
73830
91209
2779
42866
55935
62313
55422
45132
19574
96631
56096
50975
12339
32870
76768
20622
44808
31285
98990
50370
47923
55996
36590
88003
7217
36069
66810
32409
58057
5801
85601
84312
30469
68336
14562
99566
67290
87490
31204
30174
37269
16662
81466
24157
91459
83774
85572
51628
76612
48940
27369
54571
80935
78899
33465
6422
14538
14874
24810
32497
3465
90423
55686
57101
45533
7189
12560
12651
62506
85169
37600
76443
42613
22606
22571
40155
38508
51442
89712
82962
67561
13736
46450
79141
55342
57123
46243
23178
87426
22395
50994
23285
28103
8322
18808
95933
54125
47935
65030
26890
76965
35005
25621
2006
42900
66866
44964
5834
28695
48004
91544
22804
94744
48147
67199
15695
78464
56080
93097
9845
21632
89927
6421
44389
55974
34253
55289
76482
15604
27352
71118
17350
11915
88121
39342
88675
12188
61659
9946
96272
64263
58960
69402
31019
37853
3000
85013
13841
48989
1975
55150
27699
4057
72448
83092
16879
89752
65078
39807
72759
38299
51770
22429
3015
15113
27763
64864
14623
37130
65665
69670
62825
90341
81908
84272
56700
84205
9550
7273
58009
25540
95831
44305
82483
12153
44430
90100
36503
4046
92923
24615
2994
49872
64083
49898
84540
26866
84730
31523
4743
61033
68482
14215
38558
4503
87034
39837
90479
46146
47874
51738
77742
45630
13315
71274
28915
58431
88975
67819
43897
66439
71676
47689
16461
43039
97277
57486
36599
65781
13548
62878
6094
5848
83729
56910
50093
75379
23001
58114
53122
63706
18717
11817
22689
89479
70556
3995
74047
70352
22277
75374
57898
12229
22561
10640
63725
87290
26978
88995
95144
86698
49541
26953
60282
24690
90680
92253
64369
73061
14732
26228
51278
60356
94878
12994
81151
84426
67617
30123
99782
59576
28671
77214
86340
84146
10801
36221
48127
35352
59230
32814
82255
49580
7311
74819
43954
4595
33465
52697
7193
27465
96250
29606
20090
8104
63999
36073
83089
99
45002
66550
10068
89200
61932
47245
90688
24571
63815
94112
13388
79896
51209
92373
2975
14894
23812
24929
9590
52869
51189
47831
79215
40385
63029
43888
94583
72223
18089
41687
4254
55956
64297
21991
28390
50314
39731
98868
47030
56698
71605
37612
89685
87495
5070
17712
97174
5985
85868
53845
88966
62291
52449
3089
12055
48531
15603
77742
52790
42937
14431
22927
4208
89678
12066
9004
85684
79447
53335
11826
53362
58694
46814
59815
91845
96468
30132
3113
63035
49151
96239
43158
24560
28789
2125
33433
31363
13067
3407
59476
83024
34665
48123
47942
13328
9448
1527
11754
83404
28059
8307
54659
5990
4553
86619
1234
31467
40736
96650
60130
79153
24161
10769
16462
76771
11660
6118
23897
32780
3471
87504
62925
49933
4288
74809
37177
4586
34825
18949
65153
29799
6604
61126
46974
86334
66616
2033
70272
96212
14563
14437
91706
82170
71715
31323
58880
16177
907
83270
30611
49014
88400
84357
22708
7548
16309
51655
4180
30859
85230
23278
78522
20197
98962
30372
46755
62221
54030
79425
87502
33128
44056
311
57072
15146
60296
89941
53495
29385
88632
26710
8570
21387
80531
36587
23632
45053
55798
91151
88755
21252
50039
59681
36332
83029
45600
14602
46533
88934
68520
61100
89636
45227
97279
7860
50840
27597
79437
80692
29330
40564
928
19859
76424
54176
33916
43230
83959
7846
79690
79591
29302
30591
20871
13684
71086
58164
88457
47244
6488
82142
97603
87760
70280
11650
52321
75140
46478
3429
82566
69404
730
31972
34844
50213
32641
72513
79225
12146
10602
62768
88282
52444
63425
72722
31677
90734
66158
25192
27388
73734
8966
29177
26517
22267
91267
89269
45822
99954
6454
20934
62174
2495
40684
65812
23780
10376
4169
73079
20270
63225
67896
47463
34244
14713
5741
41724
66543
7286
77940
61703
27304
87731
30394
72090
13013
71799
59127
39197
73534
92748
72881
2203
81660
94502
284
45555
79573
21596
97766
41566
66283
30744
46911
14758
34769
95157
98895
27300
24261
89468
57234
60252
55381
94700
51536
68887
48037
53866
16516
84195
33893
37411
30501
6987
79771
47321
91044
30896
51856
6316
21507
3750
19328
66424
62234
50961
3632
29390
52420
98162
8190
2670
13303
66710
40263
56935
9451
95886
79773
86530
84481
57990
69395
79343
6186
62006
96467
68132
67738
16405
41626
15768
55341
58881
37532
32331
19000
28018
48054
19391
23916
18352
621
59868
49657
92830
47821
82870
27313
46941
30241
59905
7890
25581
57418
63847
38549
99890
1432
11611
92094
41100
39162
9348
4694
82286
47899
79725
11191
17778
91643
54163
29792
40659
59449
61644
1124
79291
63192
55853
52267
34642
34311
11749
11831
42040
6609
98240
38599
47085
15133
6427
27936
41916
42538
40759
850
31858
50432
9846
73420
77464
45728
98896
36616
74190
3218
99795
81813
28092
57577
4363
92832
48330
53935
7885
86710
38024
8741
747
71894
43897
74869
18224
20012
76
54216
80100
59421
71036
43528
75616
44796
31392
93603
46341
60281
95109
73965
4183
52758
48884
66092
20486
33500
14864
59128
97233
74458
32331
30277
3019
74942
37615
11064
31727
58765
81444
41478
85573
43391
97761
66945
44924
8117
29064
16158
72770
57696
71540
16491
34450
34330
2842
55681
25472
64986
12290
91518
6804
93799
98075
59688
30133
92733
49387
33267
9477
86606
86422
76806
1616
24004
64486
20053
24879
27990
64324
27572
65487
96436
87434
99600
53455
11560
74494
25000
54914
87907
79255
92341
16550
35181
96178
4276
40991
22366
34689
16577
56359
26152
11245
74889
91730
95084
16686
85503
18869
97130
3527
85601
55727
91591
95107
24808
7063
35557
30788
90994
21772
32539
70076
36089
64513
48392
74148
40291
54431
12311
82425
23307
51227
19968
85744
39744
6384
6300
69271
35107
46898
23712
60812
54328
66841
70155
23144
64867
44661
3009
21774
47676
64512
15626
8200
50665
83519
43044
46269
98352
40379
13473
66998
10137
98752
25695
70064
70270
50315
5140
67939
4105
76681
54858
25649
6503
26712
99978
32749
42304
13548
99977
22309
39513
30755
74561
94594
85096
89969
96581
37292
32166
89079
29291
26385
28931
25352
25644
29919
64235
55751
38290
79197
21590
25716
62882
6801
98020
14455
48634
28023
34276
94033
25129
28972
13050
59160
9561
227
27437
22435
85049
57071
65297
28692
81451
81299
28324
25245
65071
79597
27876
3138
25380
20642
22093
96916
36234
87360
21170
92370
55076
41437
640
54622
15494
70873
14306
79615
93390
75778
11017
72531
22446
96193
99018
55289
12480
62048
16989
69256
63817
17736
10090
8159
83819
66199
77375
82944
30245
42149
91389
63625
66792
78391
81192
33247
78848
75905
94710
21
56666
13178
511
47697
28292
45463
18180
94554
22529
75200
6374
70968
41018
56032
65140
29306
68084
15008
80017
393
14104
11602
63905
37066
40751
60538
36676
63442
33338
27248
27239
82741
96993
499
43115
25241
32902
2491
30565
32015
68295
72033
60878
43008
47620
3104
53174
96077
58405
83485
36171
66164
29999
11273
91149
48738
52309
48703
11723
16477
79577
46530
84489
74296
84175
30556
22609
42291
58916
73081
33226
45490
78547
3768
71471
78800
77164
15322
42196
34905
47483
12654
64592
86438
738
12536
96192
51733
57738
85115
99920
61961
87840
66050
48711
4627
21182
54720
85842
63371
60200
86959
1708
66415
68077
48873
90872
63728
36657
39630
55648
22172
51152
68599
32812
27968
24116
32657
82867
78657
41984
51113
10613
9610
44896
55228
36612
72195
71912
96621
92541
88564
70418
60950
87101
29727
93988
96522
67837
17426
30948
70436
89863
7786
62737
72459
51062
34286
10338
2690
38434
40036
90164
87394
72466
74427
62316
69562
9643
41035
23313
147
84064
48286
2008
23395
27563
10057
84929
60254
26170
88236
5273
25877
10567
72376
67096
27560
54625
40692
45550
40237
40001
44834
2500
42568
45118
81923
62876
82901
91107
75612
85737
52563
98538
33897
10699
61692
85410
3739
77707
15015
88454
53501
44998
95516
19664
19950
97179
58547
13462
30599
24678
85113
60366
80176
75074
671
59650
84697
99182
5183
27377
60472
47134
32867
45125
77412
19370
74983
82662
93926
73543
15609
62153
77803
72847
31601
82387
42895
88152
58918
55221
37887
56144
19319
69952
67538
409
72503
41479
43244
67648
38261
32292
20939
45993
27103
62278
79288
53197
10433
206
80965
94583
76961
19617
68784
93662
17855
10946
55031
95537
5528
5640
15730
62669
3765
8842
17101
69450
17605
77915
97119
83314
12662
12262
83892
4048
3968
13032
96846
73943
40539
29156
92031
13336
19241
38511
79060
80243
70766
44725
39508
20891
9465
73571
55172
98301
93211
27707
39626
75801
21941
787
47270
16546
42693
62580
92169
69506
82837
29680
17856
41645
59988
13980
6014
35991
65549
33265
67623
41241
37855
17636
66541
85997
33134
35756
15824
99337
41839
82159
78712
89944
48883
7063
47835
86908
37140
28703
57435
72057
93571
89141
74285
52391
73770
88549
48688
46979
37659
34547
98969
36559
89889
64767
41017
49279
6428
72206
41007
75523
41882
19561
56809
93480
78375
24271
43772
71092
27501
11633
14060
55163
86247
18073
30891
94484
51983
55990
12326
9760
56202
50640
70880
5768
37857
41926
16712
76070
73209
79313
70148
46550
36118
98807
14707
21215
45929
91614
27352
63695
67214
57894
79867
77642
44808
10271
64737
21708
24345
9006
30154
62345
58016
45874
96998
48202
2595
16504
25881
6750
10133
84317
49073
99518
55558
11168
3369
2113
35375
60562
77695
20806
72600
95680
29549
19571
69080
70671
94202
85077
29996
68153
81088
84451
18969
71970
4075
35692
74760
58244
97704
29643
24796
44153
39334
61832
79524
68080
16781
83105
31103
7857
42799
92482
71668
14465
41525
80790
51605
18402
52176
68054
81741
60192
36734
37045
5160
37629
42295
62219
35585
94348
4822
75344
85324
18989
93949
55687
72409
48682
20075
66021
96052
35863
48678
81138
18683
88974
13802
18404
70396
89278
58618
44022
36612
6115
56046
91683
10523
29077
88208
93693
4032
12241
22615
81961
42339
13868
66092
73108
60481
86856
3293
40099
70975
3075
29813
3576
1808
17018
50837
16969
54824
79835
89439
89562
72452
94184
71866
47932
20369
72551
40021
18461
43674
8489
46677
72134
56235
91999
30665
680
26650
61374
29342
16091
63956
47485
34677
123
4153
28605
18686
41563
23399
47971
92226
25045
12252
52171
8924
33440
78505
62532
70511
375
1889
61760
46710
74904
78853
82875
24262
94936
13800
10546
58970
30693
28261
38411
74016
49492
78621
79878
14298
21286
41753
34390
29909
9450
63350
3869
19950
33976
43910
33623
61754
83716
97523
47471
90620
77482
91931
48334
46990
85628
44349
35728
18321
59046
50947
3929
83582
21124
44741
1391
59253
24333
17634
88384
13525
64145
41694
47721
47485
58648
97599
70642
60336
85788
76153
77457
71834
91112
52388
98120
35153
31853
91424
30378
27365
81219
40061
82996
81332
24713
93330
9277
71167
61117
7508
67364
68132
19360
99283
10359
22032
8707
49068
14931
16633
8778
33754
67126
69155
59873
20511
26693
19663
66817
77491
29717
7027
56740
33613
90667
22170
69326
2205
9253
34947
16353
12024
7315
83946
14378
68574
24576
11989
80104
86185
52534
31963
46854
24002
50128
38185
52591
71950
70583
7642
69086
5737
43282
31649
92190
16828
58084
85756
26414
35072
93237
86067
86245
18733
26160
38471
84532
20334
46695
48901
9948
52344
2255
713
62136
5747
3959
39350
49721
49125
56465
70672
63560
65057
52642
10774
77320
55666
31246
32912
15243
44392
98232
70917
39494
4184
78412
55550
35586
76525
88683
98398
45527
62346
61961
54919
79057
82818
8414
6792
51603
25433
47097
22092
22706
69481
39738
8339
46862
84715
78178
18862
70100
9771
63208
27368
25915
14415
72957
95122
27751
36763
88475
63757
98052
2381
73597
80746
39460
90399
47847
9478
78432
77664
49173
93182
21356
61717
22931
81461
23578
44025
83539
41751
49280
81239
64288
88766
71531
75580
42774
81463
18981
77777
80411
87568
46065
37544
43567
72199
89564
4155
8179
20718
67645
5641
91668
32238
98302
34516
88829
44619
37017
54193
47421
86690
15771
85451
2394
87480
52451
29957
85967
39290
84408
96877
63969
84116
38552
80751
42973
86204
70782
6055
91854
28272
22178
94994
3046
87649
33589
69341
74005
91869
91461
46486
70896
46256
9018
63522
62074
85333
8424
3419
29935
53976
28326
71161
4571
1715
15101
69170
13483
37796
76590
1799
21255
855
18755
57513
12937
47259
88961
46564
92378
20239
55931
73878
97375
43966
14383
51843
87616
16685
72437
66622
19744
84355
17574
94276
82645
39081
37765
20404
97186
72859
25805
80711
96450
77802
12746
66224
69820
56959
23620
82381
6858
94949
1718
92733
48253
28937
58198
27007
84560
79166
59220
37125
46270
71309
28768
55382
66071
17520
53289
6692
9160
29776
62594
7738
44465
28013
26412
9106
59198
50759
27306
67012
59886
97740
31330
18552
44806
2570
11604
82408
17629
20741
21536
89822
7518
79902
87410
21670
32579
40552
59896
23194
64520
89001
78206
68010
66523
52132
48868
36242
83304
19653
71182
53403
43895
85025
74971
12577
58756
1409
48059
77599
21872
43368
58909
31850
58730
91639
2757
93209
29756
62539
98797
26000
38563
66110
46730
1593
92659
17367
44268
16060
55160
1144
24008
32210
73697
8312
6254
23145
24078
85757
98500
15704
95342
55394
64121
55385
47198
71003
416
73650
80406
51267
72035
64
95764
27876
82099
80599
46402
2518
13303
42991
81973
88909
18156
20624
67627
43709
97722
56634
38514
20534
7062
43844
61115
12144
38496
46283
52081
79476
33800
73004
75599
52161
9159
59505
32830
97264
54942
5610
46698
66269
13994
91644
86678
74544
94698
54630
33941
10795
6647
22518
60244
91852
68748
84904
25068
73197
64339
30852
35765
3071
69455
41236
99244
53554
83243
38737
13861
1469
97942
86680
99808
21640
75935
36634
39392
77131
50776
94183
66627
30127
91860
46997
57129
72884
41917
31016
40823
91553
7331
57023
34031
57554
32366
32276
27781
14746
61899
65517
98762
64167
93796
52843
88558
10904
12142
33413
97873
86292
84953
37650
84143
3676
88817
91816
22452
53068
59246
99672
60402
90953
51334
72132
7080
34353
27094
27922
16487
16249
63007
73631
64030
68360
94054
7511
15511
31811
21417
74751
21066
34211
79818
55124
33982
35495
23252
45180
52141
51061
76862
15165
20091
59112
18468
73844
68435
12728
7871
71231
83782
64828
18133
93081
11415
75565
42490
64759
44350
93943
23498
61331
89200
27647
2514
22053
22853
27725
69183
35516
49618
24763
12136
40608
54680
5036
11231
24359
47020
85672
42545
5478
60063
44436
40757
82706
32062
79240
46041
87680
84471
63813
99313
51648
339
98385
46816
52145
91995
89213
55510
43902
6645
16144
68710
42874
36167
74848
67616
12650
17434
9342
40577
49303
40530
29511
82641
2069
45548
26416
41022
46685
9299
35631
79327
15834
82280
75173
58023
22131
14172
74840
45586
47238
19293
78057
12315
32201
24250
35175
35623
94158
93840
81717
94283
23213
44238
23958
84526
92491
11575
52543
34201
95280
24440
64213
27210
60623
10658
61122
58492
20031
61861
13401
14520
57584
26545
26299
3593
88884
97259
43189
17990
45593
63555
42529
27900
73573
57361
49365
24291
18947
75936
73888
87663
67615
92618
86804
77510
19476
869
57391
26759
15454
29859
28386
93619
28170
97638
71133
68740
14968
30731
50316
49931
81395
4666
98978
92076
91507
61973
37020
46309
3141
25867
52870
89957
92341
95945
42510
58554
74621
96364
23373
33460
4031
81743
20058
99510
33595
70204
33733
43030
98465
95243
18349
17205
91093
1365
28326
69785
90256
12679
34999
65277
16305
24582
98943
70423
26117
51933
38353
82138
58459
58876
45291
42415
69573
51183
27195
17663
37451
40582
94244
73850
95021
96974
49706
25337
58724
89709
89812
44175
54886
91275
98937
54631
75711
25928
18961
90425
85159
36127
71584
93949
94316
79934
56000
9304
79987
45107
14389
36395
15237
48958
62006
3681
94134
38741
4512
87820
86685
38326
79736
33457
9833
48888
6440
90781
50122
69443
36395
72233
1610
64765
20257
59476
48615
90353
21793
65703
36169
75547
92516
26942
46358
56365
19267
51236
48751
80797
10191
91054
54143
1996
56149
7403
7375
18118
13476
28721
29754
21901
26517
96880
42788
92466
8443
4132
9749
90666
38939
72409
15056
96996
94559
10335
11239
7691
85462
89632
32647
11880
8160
39763
78678
67965
9590
3118
67819
1574
35404
96689
3717
4102
86161
69139
48324
62688
73300
50862
67686
39668
35891
51556
59211
53920
53540
18662
42875
20289
80302
22634
25983
48156
71429
54467
99711
62197
44789
51057
2035
43179
45517
62822
15901
5522
98652
28693
79483
46236
3557
95557
22038
84974
30903
1219
36354
30732
94252
83076
12852
54838
46591
89115
9435
62473
29957
53473
71767
89461
58762
32494
74053
301
57239
21602
74063
46940
44112
10708
76634
1859
39500
91887
94281
29872
63452
86415
57593
92728
57669
1660
9629
55212
93348
53921
67179
88846
27848
76141
26310
59364
5170
97690
7632
37083
9688
16167
10756
21166
21157
32424
90947
88145
48477
52818
20246
7263
55555
57124
34671
75493
58927
96979
73732
81190
13273
60494
70549
860
75557
58716
75373
31081
74442
31680
44709
36656
70062
64368
5662
3431
41431
21796
87223
97152
48623
16263
8869
5862
25588
4287
26888
65343
10339
59583
83713
11772
2810
9613
42602
72603
54720
11217
90144
73911
60300
6936
43112
65723
35019
44856
13498
42333
13020
16864
60289
80575
39128
22506
79094
21627
71174
66375
71147
43770
95626
37428
64175
69469
32597
99504
59174
8373
59228
82132
62433
17731
1649
93095
17743
18435
54494
37573
74529
63777
30350
93507
79280
6676
10536
16229
88500
37886
65274
41807
72468
2644
97198
11783
3948
43887
99866
57028
48624
63093
22289
65983
81354
30554
14813
90386
25709
78339
4582
55830
95850
34607
45312
90828
22095
32603
20840
57232
29024
13700
22729
92111
2499
44159
61877
66357
64023
87359
81891
54158
75737
86421
46097
5404
74461
15074
84161
13626
66585
56614
46956
83223
1823
50148
80438
74666
81073
87443
70187
89549
70410
56696
18963
46858
13288
82507
45906
83581
8990
96181
82694
12754
96997
64714
75856
74744
66308
71341
42443
97679
68191
89458
39094
79409
1928
42022
4776
19167
8252
86363
49019
34315
85759
86807
72939
80739
51826
45254
47482
28319
10804
51135
86703
79192
43561
99525
84665
93732
15962
80936
78030
497
6886
81564
2034
25659
99155
49701
80372
28310
26526
63053
73525
93715
46879
48974
82104
51998
37637
50568
17809
11727
44552
92892
2120
97744
99259
34546
43665
15176
59882
88948
65386
65034
2028
32764
68829
92866
41930
44245
62110
79935
47568
77053
33532
15802
65921
96832
63145
20709
16294
64216
62393
25962
18984
20903
75165
89842
88064
55232
56616
69490
74199
38526
55798
8295
13570
83104
4704
49533
56595
73450
62074
20666
53229
88859
79212
2818
16740
39426
16761
70260
60828
46103
9032
3329
48516
41643
6643
94320
95028
1732
27802
18994
9052
25663
95230
8979
77089
89022
1054
30421
20674
73975
76159
24313
81638
35562
89515
71120
84155
58244
41504
73161
50380
92664
91108
65905
41970
1006
14030
28374
39853
65559
49193
16226
3549
87586
69171
90362
7387
83350
33672
9730
33754
14694
86270
6821
64909
7842
82234
47785
51846
45622
74814
58955
22908
9828
4342
8275
33216
50828
85024
98102
76487
7251
60908
8832
16557
57989
79147
18913
13411
12568
40026
82092
97326
84180
61249
27291
36823
86314
20431
74007
66146
9471
68496
53084
43796
86706
90958
19725
41337
20681
45805
74983
56338
67423
85182
4878
6403
72930
78721
10651
60045
41211
8985
49643
20597
97847
58803
46857
94219
39677
16722
8159
69382
18523
32231
52720
23341
72436
45955
22636
81781
46962
22809
38373
4677
49477
52281
89073
26119
48667
47215
28320
44654
71266
63093
59373
79067
12928
84282
4010
17594
82312
88559
18770
16272
62253
77537
68509
54400
82640
84333
83774
33507
76048
53559
54919
14651
15369
60043
61329
68790
14847
41681
76650
12266
54312
22083
60345
8826
98326
89136
49662
48570
85759
19113
80667
65966
70890
1824
96175
42096
63413
56229
86749
3140
59517
21909
31892
21479
29712
73783
63065
94877
59819
71581
25270
17047
3668
91086
82789
63808
38132
36218
20812
80199
51637
41118
46979
77651
20546
92405
90027
71732
70439
81901
69940
99701
25965
98320
71313
16659
37063
55534
13467
40364
48078
85275
30364
1072
72737
80157
20766
59166
23559
16733
90042
63444
29133
56593
66064
17453
46767
19383
14083
63092
77801
5462
51536
83301
77909
18861
39948
49795
54150
1525
31728
57794
17544
47755
53212
37365
1972
92980
34913
92273
18634
12329
47116
24766
71360
60215
42636
6355
92662
96444
74018
76761
76541
16506
82625
83891
36330
61208
35443
33823
18055
47932
3637
58772
91637
60456
51317
24262
47780
75220
80673
11158
1874
77687
92376
16909
80275
28009
13621
87396
19686
53777
48076
5554
83554
47125
75515
77096
14832
12720
89006
77207
54801
9811
71606
16503
45951
64867
75353
48238
19023
58112
18522
25233
57750
24700
36950
46732
76417
18943
15727
17780
44688
79919
10087
99805
92490
96403
79557
19724
85167
62376
56024
16994
95324
38403
786
12593
92203
55795
42393
87466
93248
90005
63502
92640
47544
46182
40346
3947
64214
69950
56238
55989
88074
92230
66482
2665
22031
78591
65770
33882
47035
45665
71016
99888
52776
3273
40299
13245
46177
78199
3900
84740
18710
73696
82588
54279
32559
91314
32030
79976
25071
78067
91501
99204
28248
16835
47630
74109
81649
36950
45230
97148
23973
77033
55194
12892
67475
56170
53406
4552
50458
89708
37692
39868
5750
50809
52613
78446
73814
55387
92071
27415
14990
16517
40607
46934
69111
81357
3317
26114
1350
64445
58191
19460
55427
6876
77577
90331
24623
69556
40565
99305
41489
25696
6632
72963
6327
6681
81044
20220
56200
79148
17065
76366
3240
21800
44081
14875
62397
69366
70707
86341
21310
22341
25801
96736
58302
83130
12291
86284
91035
37225
40836
1080
1155
87695
51321
10270
11549
20265
58781
11838
26541
73185
76160
19800
20469
10663
48956
67111
41728
11356
87129
27624
53762
40047
72013
76718
79800
38942
70278
17436
20779
20806
84721
43016
38572
21947
54353
75629
70306
